3.188235
812.028824
1650.290127
2620.944249
3246.014683
4078.541400
4953.006487
5714.536555
6283.327374
6718.023750
7208.220602
7773.699768
8229.144191
8572.075217
9064.930280
9425.554354
10018.888401
10342.457706
10690.389723
11108.842786
11490.694764
11565.885516
11838.877515
12030.412071
12329.613036
13452.112776
14108.064000
14385.519624
14518.898544
14509.734009
14439.961034
14290.559061
14363.046794
14573.596415
14654.834242
15058.559196
15168.337119
15359.626145
15536.221308
15684.414165
15898.366005
16245.251627
16626.455712
16850.748613
17267.242555
17511.821603
17728.469739
17875.908997
18090.709626
18005.946693
17984.868967
18299.343165
18392.309340
18453.999756
18526.468395
18714.364583
18936.113021
18846.825017
18758.950433
18644.987225
18794.090805
18989.025480
18986.444794
18962.471574
18988.081329
18982.994910
20582.958890
20656.116827
20622.287457
20705.635829
20661.452077
20474.073591
20534.424813
20592.593768
20458.807217
20288.235484
20228.211945
20094.542524
19996.893829
19949.092275
20030.296485
19998.934602
19938.195715
20119.034949
20347.753790
20517.064139
20233.869756
20232.925288
20416.686866
20873.468209
20960.786956
21019.559373
20944.385326
21009.244491
21060.766580
21007.292957
20969.191054
20968.033462
20877.518064
20916.606866
21070.945150
21010.876324
20889.544273
20934.290588
21208.278020
21732.452354
22025.068952
22259.266485
22235.781592
22093.604277
21731.249553
21547.549821
21585.427232
21401.034302
21255.327685
20990.580908
20730.793039
20709.665152
20655.072090
20604.400839
20461.172954
20181.792737
19952.256042
19875.643240
19773.676764
19600.408612
19324.909750
19080.656419
18792.949089
18584.960458
18296.912435
18165.200146
17935.830335
18049.474113
18189.106289
18562.960779
18827.620583
19148.368966
19458.448557
19642.224168
19887.681587
20182.705351
20576.409299
20775.314324
20995.689784
21149.771962
21109.616697
21334.743705
21341.575148
21326.347371
21289.073139
21129.937129
20907.016744
20725.548259
20587.796337
20335.806520
20209.816194
20095.482247
19953.829703
19801.534296
19718.767385
19952.770193
20616.966977
21294.118628
21428.165638
21297.082846
21123.922822
21273.322759
21543.813484
21791.493398
22045.636375
22326.570243
22481.849574
22723.282585
22796.867475
22680.451553
22790.201524
22471.248311
22391.685895
22167.717287
22057.986324
22264.788969
22232.486775
22001.144789
21841.142452
21878.363761
21739.943612
21610.660157
21390.123227
21439.546478
21681.016213
21896.455598
21932.428897
22153.207452
22114.178452
22379.210706
22398.010955
22643.953544
22585.042142
22598.899838
22329.033278
22337.209065
22171.760376
21861.227260
21634.765897
21599.792308
21622.163477
21659.886675
21647.076655
21494.914979
21323.851583
21229.666847
21120.548211
20882.775702
20575.942799
20290.114287
20154.490926
20210.217360
20163.004531
20210.462147
20167.809628
20015.348559
20001.859562
20254.927368
20483.584921
20523.346852
20696.826568
20897.004848
21026.974213
21221.727463
21295.409717
21547.678447
21785.816094
22012.231171
22158.913730
22359.670005
22402.113955
22518.898454
22571.628041
22678.787815
22833.413130
22908.722866
22932.831821
22879.888269
22722.211502
22695.536221
22682.775097
22797.914773
22896.642564
23032.720240
23035.225404
23168.526879
23183.669163
22965.787665
22835.545341
22763.266113
22733.902807
22954.937079
22640.511793
22213.419537
21802.140717
21521.555250
21378.446115
21427.566946
21342.255266
24243.087600
24099.517534
24169.839697
24386.610457
24395.107385
24251.987310
24200.285984
24163.330508
23990.363983
23754.747744
23641.214279
23559.075133
23286.054710
23291.716680
23256.805356
22887.016069
22714.888795
22297.438473
22032.260667
21744.565280
21547.372310
21021.729185
20718.148608
20101.072550
19539.093433
19322.754447
18808.659862
18241.403340
17570.164545
17062.966122
16535.288404
16087.720062
15800.514451
15877.331866
16013.547626
16214.862401
16504.029085
16717.753121
16750.371347
16820.048858
16730.348376
16665.838801
16758.884115
16732.500694
16959.946248
17291.517563
17154.733841
17262.699110
17613.940625
17697.557319
17715.444159
17790.130775
17632.867373
17418.596554
17147.709863
16849.073390
16725.698152
16627.260303
16364.058072
16161.851247
16083.990057
15922.461142
15718.020438
15434.927259
15240.251485
14914.364401
14506.999122
14296.268774
14257.890629
14856.011784
15196.885704
15196.017890
15353.232682
15230.720067
14961.231123
14841.816625
14811.517951
14985.663622
14828.286323
14782.424948
14713.001740
14669.296751
14748.498580
14827.540318
15211.739773
15561.999843
15659.292007
15607.872505
15625.318096
15826.785524
15946.650169
15981.811779
16251.619229
16496.112777
16383.518903
16304.978252
16513.466594
16505.859931
16406.280660
16742.982314
16913.276335
16797.000754
16670.507579
16671.527298
16423.841129
16400.794171
16530.393678
16461.305366
16362.404804
17344.617897
18842.508571
19260.516476
19209.678887
19256.438080
19507.961274
19884.904387
20004.874854
20321.184052
20530.246418
20778.130176
21101.745236
21487.861895
21613.806056
21562.551047
21299.921534
21299.152908
21083.203106
21174.850794
21244.049430
21768.639116
24042.787552
25808.514841
27935.555766
29023.938762
30283.737902
30440.923556
30371.520516
30135.454294
29826.850206
29257.217500
28811.105645
28241.750362
27557.223629
27226.934996
26861.996090
26426.582560
25935.818137
25535.929191
25031.587634
24689.376880
24134.006075
23710.360673
23389.383816
23352.036194
23264.869678
23058.375214
22890.295669
22820.769121
22495.907135
22250.496092
21744.802660
21476.770370
21022.010283
20671.647024
20249.896045
20108.416929
19880.298044
19526.702749
19279.246043
19072.126878
18770.759750
18383.555096
18233.989106
18472.787690
18933.411050
19167.548341
19019.092492
18832.663358
18745.932151
18790.957112
18524.299452
18523.919774
18302.782609
17925.576812
17443.639148
17076.002288
16781.315899
16506.261869
16262.462501
16125.115847
16005.118878
16111.215875
16171.811944
16107.625268
15908.667534
15918.120432
15813.347744
15679.311729
15536.514770
15511.512561
16651.783992
16507.406557
16622.510739
16482.020496
16421.260648
16415.170164
16209.835186
16016.292446
15779.697432
15637.320403
15424.819089
15217.201664
15229.596483
14880.787247
14553.206708
14365.389510
14387.900426
14132.458346
14046.906017
13906.007775
13924.468171
13939.931037
14184.024681
14674.152859
14967.206000
15699.571190
16942.749493
17982.364960
19323.070241
19634.273592
19722.348148
20250.873878
20499.361556
20651.766027
20790.620863
20605.317271
20362.710231
20062.335504
19922.983435
19714.340145
19437.678040
19146.280412
18792.719333
18392.801013
18101.298218
17959.911738
17972.900465
17776.392697
17727.067179
17581.039311
17458.454012
17205.958762
17273.382393
17116.438763
16971.801139
16875.171866
16662.323077
16434.740256
16295.058145
15962.407199
15742.106447
15690.071713
15714.156362
15449.413250
15208.483764
14994.887027
14798.134832
14609.871228
14466.263941
14347.256626
14453.313403
14224.867341
14097.988680
13789.265716
13505.335764
13237.755250
12967.918468
12929.251956
12915.730535
12914.453812
12796.754651
12753.916918
12694.640680
12679.685117
12792.716547
12751.570916
12738.235507
12742.629614
12807.051075
12649.396560
12590.079674
12265.191376
12195.347494
12112.917374
12099.432289
12033.539106
12011.783720
12148.747475
12259.733631
12120.315576
12363.758621
12265.139318
12064.250979
11898.689411
11739.472587
11666.969546
11825.315186
11854.339623
11767.861858
11778.884451
11834.948072
11816.796746
11889.435340
11994.092985
12358.176571
12873.954017
12997.668081
13380.804285
13436.450345
13570.525867
13411.470162
13451.998615
13398.845743
13323.864240
13323.867106
13366.591398
13364.752024
13264.314423
13291.428114
13199.825335
13007.390931
12926.770404
12825.078943
12786.452447
12915.871001
12904.269608
12764.483578
12869.608419
12855.190743
12724.341010
12867.394548
13101.926781
13219.183383
13307.463430
13672.074572
13632.800255
13698.226909
13648.609681
13725.500766
13538.006120
13372.215618
13297.867582
13157.480085
13174.276669
13140.315777
13124.245086
13108.021067
13068.898445
12968.324111
12725.460847
12681.121138
12566.155277
12853.623984
13258.813373
13316.786429
13085.013775
12923.021909
12958.996304
12882.458254
12796.696125
12850.763280
12876.076096
12977.711507
12916.288677
12863.670321
12997.702492
12920.440896
12613.807087
12671.477517
12564.013445
12486.083361
12353.477232
13174.799449
13581.373202
13614.751601
13643.574805
14134.831359
14339.791752
14609.104125
14428.331272
14629.491179
15076.910737
15000.771083
14841.540372
14693.906490
14298.371950
14177.574921
13780.951077
13603.530974
13198.087759
19235.191214
18462.686555
17827.544385
17395.543636
17000.535082
16565.284798
16085.604872
15681.638354
15381.705456
14945.322144
14535.883487
14097.261862
13738.885044
13425.693733
13158.546301
13014.011143
13009.706664
13020.993880
12696.614774
12519.442859
12260.313853
11836.207964
11396.558351
11061.134355
10628.697245
10245.442775
9958.907891
9766.084065
9693.356332
9513.802241
9422.978796
9378.869072
9277.388363
9146.679729
9047.690841
8894.753358
8738.494121
8635.196866
8590.213493
8675.722427
8571.022580
8594.475372
8758.265329
8733.536376
8852.624263
9040.875403
9169.659084
9459.536914
9546.344382
9888.536967
11629.592472
12817.352064
15594.770735
16157.447885
16832.018628
16759.531422
16237.927400
15810.972206
15281.200066
14853.743985
14311.437178
13754.767279
13340.848523
12817.492372
12335.955008
11869.961179
11369.435669
10949.081533
10529.254907
10129.149025
9902.860201
9577.772093
9382.173684
9275.904216
9119.869789
8904.084143
8603.013269
8449.533194
8264.766338
8145.080962
8058.321032
7930.259882
7740.774339
7497.919936
7372.721978
7139.434899
7079.961193
6963.857251
6762.782036
6596.152738
6541.309807
6484.197258
6439.622689
6267.190574
6247.333006
5998.487924
5886.771371
5828.675940
5704.379398
5657.572193
5674.136720
5580.998512
5420.505449
5240.758608
5120.481462
5047.202487
5110.073735
5138.499460
5306.880369
5342.340272
5588.940906
5708.372292
5933.890932
6123.953248
6235.449704
6465.422316
6448.292377
6435.391484
6465.335635
6415.751206
6399.630313
6496.240954
6620.001455
6678.738637
6664.103666
6726.059267
6771.575912
7064.910842
7224.877064
7304.005760
7441.785864
7548.457355
7612.026644
7730.613547
7751.792674
7766.446178
7776.559163
7941.193950
7911.220527
8123.392834
8112.285937
8117.083405
8208.703745
8413.452871
8473.737090
8446.156118
8273.934587
8269.124132
8194.801259
8242.206294
8232.205783
8381.199415
8511.378660
8531.005806
8571.263359
8707.672740
8454.575377
8155.552491
7969.868984
7997.787299
8005.646954
8138.376371
8237.704611
8260.897812
8524.852921
8851.261256
8842.094271
8979.271911
9087.053413
9329.979174
9278.186098
9333.127773
9661.373345
9710.912521
9706.794346
9737.423256
9588.214839
9628.486450
9656.093500
9782.767256
9634.130854
9359.126272
9397.173880
9222.338715
8995.770799
9006.519514
9048.428833
8930.438764
8958.579570
8871.309415
9080.410611
9190.362630
9015.852341
8955.044038
9023.295758
8969.166264
8870.621676
8881.541573
9061.186063
10697.930681
10565.649833
10535.257538
10517.741720
10587.956595
10561.448961
10961.419650
10911.474158
11415.531823
11537.688565
11573.686489
11801.315890
12007.022645
12081.918572
12042.308917
12216.954256
12250.267327
12112.083373
11983.808616
12165.794656
12234.877472
12454.019873
12380.907115
12284.273523
12159.099063
12064.987247
12015.298669
12087.890598
12133.880382
12048.390285
11949.076653
11963.760075
11842.352463
12078.128958
12344.889177
12611.099620
12758.846600
12975.668975
13165.803174
13299.093407
14090.899521
14296.574153
14770.929759
15120.681310
15478.023715
15562.620569
15942.109148
16312.917416
16743.428408
16938.955027
17142.791589
17706.985343
17869.957645
18059.455841
18055.032069
18060.421642
18304.443697
18655.441120
18715.429848
19048.826983
19384.417007
19633.074588
19745.016937
20017.785698
20042.688570
20132.871788
20090.863493
20032.453652
20142.419204
20503.913930
21096.769214
21505.162126
21418.464804
21506.392544
21396.237623
21611.378683
21505.405827
21859.006124
22059.302877
22447.086753
22824.885356
23300.272461
23735.709818
24122.198837
25055.524189
25809.438176
25840.993718
26038.077366
26021.730360
25901.275215
25702.387924
25633.621469
25561.571768
25641.053964
25382.013031
25257.418262
24993.966956
25000.088216
24814.566159
24684.449615
24616.364389
24482.836366
24373.149450
24219.852762
24161.315025
24196.002215
24415.586418
24612.391411
24550.791448
24453.577366
24310.247517
23960.205730
23749.058188
24018.766063
24336.533643
24387.926568
24604.169456
24896.051179
24831.095679
24977.929130
25474.130713
25630.012412
25422.637282
25433.791692
25362.858971
25217.131708
25094.416299
25237.232739
25252.610318
25358.328822
25224.679047
25206.715683
25112.026958
25257.358943
25200.028251
25217.430760
25189.845497
25342.255182
24944.742423
24839.881773
24957.099449
25098.354280
25095.887547
25066.497091
25174.987923
25171.430683
25589.474836
25704.216780
25964.272608
26288.682507
26815.307205
27014.565374
27144.970439
27122.133681
26866.066213
26996.641334
27428.922993
27092.414098
26935.436530
26792.978429
26755.427547
26595.781660
26251.055322
26554.565301
26553.695859
26640.458125
26613.992082
26505.778752
26128.172167
25972.638069
25711.912048
25945.743896
25927.131211
26144.131514
26082.211212
25664.516338
25348.949345
25182.729328
24835.659529
24456.147140
24330.218215
23949.781814
23621.555468
23404.128675
23115.828124
22871.570051
22701.983705
22628.225697
22727.104608
22842.514083
23053.607987
23390.025627
23559.598855
23650.214991
23420.347379
23270.718245
22833.068607
22525.666157
22499.849516
22962.813903
25347.830071
25783.120920
26290.502129
26131.204473
26292.883465
26559.400077
26959.822230
27343.372295
27310.137013
27399.410555
27938.255713
28155.013516
28672.356958
29070.546953
29702.619605
29622.449409
29937.103409
30175.209023
30575.291709
30316.656536
30455.894297
30584.334876
30803.498525
30744.947128
30751.076242
30512.275371
30334.791014
29835.976954
29590.534969
29333.431750
28930.673888
28311.202939
27796.215341
27394.624181
27433.496894
27671.127932
27629.916633
27714.660017
27899.515252
28010.394391
27943.894279
27750.005448
27748.254195
28089.461093
28435.823332
28831.008636
28904.344479
28797.040981
28903.330108
29196.328309
29254.700128
28968.016102
28994.062356
28758.739630
28677.826178
28475.872124
28499.466753
28551.242435
28454.437176
28226.570219
28112.249552
28005.456682
28049.207377
28217.531322
28175.270442
28049.491234
27905.691182
27715.700741
27565.570605
27503.350899
27697.257864
27744.736147
27890.467967
27799.034765
27899.718321
27759.414757
27532.275392
27308.242015
27349.975012
27524.519399
27509.246370
27194.913463
27111.469751
27205.457048
27269.090078
27072.800280
27246.591638
27161.187546
27059.771306
26843.621957
26613.440859
26547.513914
26410.428414
26142.063856
25862.243017
25789.279885
25689.098244
25600.274704
25574.100185
25550.430470
25574.489338
25373.157028
25001.361922
25176.635002
25604.956193
26192.351521
26679.706494
26819.078032
27061.073150
27190.399885
27431.275969
27942.304327
28436.993032
28612.566910
29146.216996
29204.125754
29661.080251
29937.888983
30023.378848
30215.366768
30284.508234
30097.992626
30034.936132
30162.816776
30209.072016
30167.171356
30192.918671
30298.335482
30748.810865
30836.170322
31070.459845
31024.140774
31405.714128
31491.785284
31489.858765
31441.256023
31359.557928
31275.874149
31315.723579
31403.482498
31581.935824
31694.666484
31837.791983
31978.886698
32125.334520
32031.456029
32442.738129
32601.593380
32661.819593
32761.073712
32766.020026
32721.773927
32424.771505
32269.576067
31841.838440
31713.895538
31731.843898
31365.588958
31216.046765
31201.044427
31209.611813
31371.958674
31425.823485
31462.398977
31442.996676
31506.180175
31587.992735
31254.248000
30975.853247
31355.778232
31410.699124
31334.019070
31232.906352
31223.661034
31195.960335
31177.581927
31225.871458
31364.530826
31387.912128
31342.222404
31096.891676
31072.113759
30852.221796
30610.324432
30443.808210
30347.206035
30197.802596
30019.139917
29849.284882
29750.957893
29716.457057
29749.810675
29793.065239
29913.137467
29693.810006
29353.672447
29149.455491
29036.516050
29032.000051
28887.262794
30980.346713
31021.952907
30679.349379
30680.209361
30282.638109
29945.498360
29205.027364
28864.744623
28580.197588
28412.250454
28354.081068
28128.137799
27798.668164
27625.499462
27503.012724
27498.693460
27456.994081
27373.775750
27093.196766
26746.521242
26608.454003
26348.737185
26043.425816
26129.650604
26090.579838
26143.795944
25932.143402
25787.226428
25930.265107
25759.320479
25525.613278
25409.622811
25120.353435
24809.508312
24837.123093
24888.247330
24794.321238
24884.185568
25046.897859
24905.694142
25044.621200
24988.354846
24929.478280
24956.690640
24923.989442
24874.123303
24898.154393
24780.238830
24999.822967
24992.274956
25016.896502
25179.334030
25441.343799
25401.813864
25370.597681
25331.965836
25175.544015
25038.343284
25125.449650
24992.475206
25151.027917
25731.123580
26519.802695
26820.432168
27103.469383
27571.664541
27904.481314
28155.347445
28644.360464
29183.942441
29367.266888
29772.530994
30110.653464
30303.367850
30727.324948
31122.958700
31687.630373
32112.625325
32678.382294
33034.290630
33235.607471
33608.968274
33849.002213
33919.873671
34082.472145
34513.823047
34671.853464
34759.543143
34945.224810
35488.155726
35600.014606
35861.664857
36107.601222
36305.464298
36262.995004
36205.821725
36351.514952
36652.837244
36685.085578
36522.537181
36396.296597
36477.505296
36552.920227
36345.893824
36290.677564
36264.484862
36307.793953
36388.016020
36387.332866
36376.087791
36398.436343
36492.459624
36837.303309
37189.955791
37185.893295
36981.943729
36938.650464
36402.110097
36116.769298
35913.534755
35723.673704
35142.517469
34621.913165
34398.107702
33988.923886
33760.230633
33392.626944
32951.070107
32507.230327
31993.566850
31499.621841
31149.848592
30709.591456
30317.378550
29892.313544
29481.388063
29010.840229
28727.513903
28453.851934
28312.786788
27960.759213
27730.783998
27404.597739
27137.756087
26980.856518
27015.809771
26730.768302
26471.637730
26350.628392
26272.638149
26253.304281
26164.215538
25900.138094
26162.440993
26040.448355
25934.320055
25859.647190
25847.049144
26002.708451
26199.192637
26256.240848
26373.817041
26482.447758
26931.560664
27173.319885
26934.822519
26983.101001
27239.122421
27299.742771
27318.253671
27406.042949
27422.113350
27437.062585
27389.954553
27361.950943
27896.931828
28329.187197
28585.814112
28829.441053
28767.039589
28750.558198
28891.626366
29055.221518
28913.825148
28732.177028
28391.270138
27985.753689
27721.524829
27762.879960
28008.226158
28303.214850
28197.810970
28307.045912
27835.391655
28697.335798
31156.896459
32580.114381
32639.543956
33828.794210
36968.181950
36827.898343
36487.562249
36069.905705
35832.841793
35623.674213
35299.643443
35225.912252
34686.589188
34151.542082
33895.604193
33518.561238
33324.142980
33016.226027
33119.904922
32887.988107
33174.435761
33056.141424
32921.271608
33073.011949
32741.784881
32791.311323
32693.965365
32861.608273
32906.394526
32962.984604
33209.690275
33294.350860
33003.099983
32766.046945
32509.270088
32708.406583
32756.664686
32993.451059
33210.354977
33634.848993
33604.384974
33511.295137
33608.404890
33833.200332
34607.944237
34942.468594
34666.666733
34631.054965
34543.239471
34809.202988
34684.633035
34448.550403
34326.366020
34238.875170
34006.794156
33929.325037
33947.686236
33829.882316
33692.321534
33688.223104
33246.102145
32979.898999
33619.664833
33671.328650
34285.887708
35073.785479
34847.602088
34841.653356
35043.009904
35460.341761
35483.544281
35583.865106
35792.024792
36111.262768
35970.848650
36273.208178
36402.979142
36530.418420
36419.273969
36786.243604
37336.837306
37954.548382
38768.519002
38892.261680
38732.907419
38568.909107
38561.385220
38612.198312
38994.027612
38843.871330
38786.132665
38709.955444
38968.449828
39303.243023
39404.971068
39447.800946
39262.893252
39391.128981
39025.039199
38803.402925
38835.632779
38750.329571
38745.118975
38788.208124
38779.723208
38687.984107
38581.373137
38528.167225
38119.774550
37994.770136
37701.894375
37732.019264
37823.218301
37831.476993
37808.522752
37613.198575
37501.954332
37689.115439
37727.565550
37650.810802
37589.062418
37583.660278
37398.481185
37497.694381
37123.852799
36907.001336
36481.749308
35877.799098
35222.030711
34766.952705
34019.322717
33350.638934
33007.240321
32656.988109
32291.421056
32183.653925
31719.130052
31451.071589
31315.588598
31637.875834
31358.931062
31099.345293
31094.691754
30978.992461
31104.364406
31325.099127
31483.338288
31440.990982
31386.255158
31679.287498
31948.013320
32084.828340
31708.273197
31453.228165
31344.147149
31208.665282
31644.439861
31668.535515
31645.908739
31835.076047
31701.239892
31366.601427
30906.153708
30360.006807
29957.437839
29688.534575
29287.049023
29306.806375
29183.473900
28933.206087
28891.192842
28757.343003
28910.413108
29160.555198
29562.245085
30204.662243
30610.844817
30985.945713
30786.671957
30826.514830
30692.275363
30531.034143
30438.858907
30495.382628
30381.221340
30570.062234
30193.829710
30066.608813
29821.843078
29930.209748
30154.852202
30565.454690
30709.581955
30859.930308
31113.325950
31475.589064
32065.688042
32939.556581
33439.461105
34139.456677
34585.715216
34942.202004
35051.048767
36045.625740
41884.630728
42401.477623
42644.046879
42385.217084
42125.422896
42285.563516
42192.936321
42191.779701
41925.026010
41707.402160
41436.890876
41119.469862
41099.249310
40530.800570
40465.746816
40477.479083
40214.671795
39592.973500
38760.971883
38303.335054
38241.627125
38305.000671
38405.025147
38492.722909
38055.373038
37463.047523
37229.220638
36917.626272
36805.042998
36722.069279
36258.365815
36043.039682
36085.170050
35849.433116
35591.698716
35439.631427
35139.183189
35050.114225
35060.271259
34695.100834
34145.471282
33624.225169
33448.076656
33051.221842
32461.770554
31982.144772
32053.739494
32174.185852
31849.519697
31667.784889
31554.262311
31277.498215
31245.897814
30940.473512
30669.747875
30489.472246
30220.041771
29550.196545
29112.718091
28767.090029
28399.590430
27963.073653
27647.194480
27240.822992
26807.660274
26342.214515
26106.966534
25764.939776
25753.057493
25521.777167
25357.178505
24970.531345
24715.361640
24322.809244
23978.998194
23849.883578
23771.428615
23761.116008
23835.919031
23865.405432
23727.735161
23454.113109
22972.960394
22680.210414
22368.721462
22033.069702
21723.494649
21589.959132
21861.676862
22042.385175
22281.348270
22432.876935
22875.938970
23551.863590
24292.501783
24841.531596
25358.455016
25925.289128
26371.303103
26940.047752
27285.515953
27468.149959
27876.620892
28022.687887
28063.039767
27978.166210
27678.504958
27848.983632
27880.361901
27977.892826
28446.978577
28448.880628
28746.209146
28983.471238
29064.309441
29022.533184
28996.633976
28905.312081
28709.132752
28906.123173
29203.197406
29296.986556
29383.568600
29500.519582
29457.905368
29359.563041
29528.177045
29419.328977
29517.582136
29432.248128
29211.553368
28930.861974
28659.679660
28547.938814
28272.055599
28288.731250
28460.267237
28168.571522
27990.154711
28125.474426
28344.518352
28116.986552
27972.172518
27990.873696
27867.757463
27654.977433
27447.526600
27102.597329
27200.883149
26944.364482
26828.558022
26551.055611
26435.655772
26398.394552
26129.082668
25876.514809
25549.136127
25411.134223
25473.052021
25180.466087
25191.454547
24890.085741
24662.173611
24358.931597
24424.177174
24283.721257
24318.609704
24414.655689
24626.158199
24659.877740
24596.425029
24511.995935
24595.576530
24455.531037
24049.727034
23595.507349
23201.794727
22907.685383
22818.599153
22601.810372
22414.421814
22179.159547
22048.652550
21792.357177
21450.409906
21212.516862
21012.267490
20928.642350
20779.210233
20582.018349
20137.548804
19664.216462
19544.127207
19112.175749
18617.841471
18332.761162
18112.272124
17897.595773
17665.159121
17448.414891
22680.029440
22632.980909
22816.818138
22704.820369
22372.634252
22142.143716
21801.977707
21847.070978
21816.838998
21989.800970
21905.310921
22017.131650
22378.906440
22264.588569
22160.468944
22036.884713
21854.911065
21560.047865
21310.429785
21007.586728
21080.972097
21359.821531
21312.610847
21140.384226
20997.729721
21143.039313
21043.338328
21033.932196
21074.910096
21100.011650
20752.791460
20450.606789
20555.907822
20543.822234
20647.289946
20611.176429
20454.076431
20472.070649
20541.898489
20701.952584
20399.286328
20385.514168
20374.085519
20439.114576
20430.358847
20480.480120
20466.385526
20489.736838
20463.128428
20482.054359
20544.010465
20845.700138
20997.277876
21248.163002
21684.782303
21927.747109
21914.889165
21939.070197
21875.818648
21792.125755
21682.425350
21584.358984
21441.529270
21154.248885
20801.971735
20779.316285
20586.738706
20423.597850
20265.343447
20440.527255
20273.904814
20264.864475
20141.162428
20406.669013
20124.061052
20178.916823
20294.735688
20150.144001
20119.389743
20071.373197
19888.831988
19603.613918
19526.033222
19500.994306
19449.360277
19402.311871
19384.941375
19304.815875
19069.124101
19018.962014
19093.904109
19299.455962
19214.114537
19048.840183
18826.790330
18957.784147
18771.365528
18728.036467
18698.458173
18524.315657
18177.037129
18204.604880
18147.288362
18455.382767
18786.013629
18809.128634
18904.789849
18865.417023
18654.624603
18590.371805
18547.661058
18456.317220
18563.756261
18666.137076
18727.743947
18808.129299
18688.911069
18536.810614
18548.679887
18660.187069
18678.769873
18757.384320
18737.440594
18682.827388
18771.450725
18908.952698
18655.924671
18558.155889
18485.299075
18778.367454
19137.602023
19326.337608
19097.891316
18769.675181
18483.811030
18414.279302
18254.212396
18615.301776
18796.560217
19006.920441
18966.131282
19014.444326
19016.749560
18994.610121
19152.373733
19347.833478
19544.030039
19702.875596
19758.790640
20788.666794
20846.100121
21076.100997
21370.668496
21482.319385
21783.834789
21882.058735
21843.085210
21982.519185
22068.859893
22507.754153
22448.770367
22384.206358
22379.345060
22433.511140
22351.710093
22262.410863
22225.015810
22147.490510
22017.327749
21950.088812
21995.521627
22143.165153
22259.563758
22071.467923
21772.941586
21844.321958
21679.607821
21638.952920
21454.962137
21585.241481
21307.457838
20964.696711
20773.285405
20550.613291
20104.902235
20017.315946
19707.234463
19692.715877
19458.048711
19296.973726
19498.023079
19456.337611
19737.156025
19538.015871
19476.946450
19458.318735
19775.434171
20358.838933
20231.461692
21780.798411
21725.185942
21649.754096
21805.356587
21965.900522
22068.072163
22114.566594
22412.575519
22350.617331
22355.694308
22731.297828
22794.462348
22648.343152
22511.208348
22217.408715
22526.102985
22273.550777
22260.179120
22176.366243
21931.998911
21667.446024
21995.387449
21881.904351
21701.244427
21530.354755
21556.264468
21406.557127
21269.656722
21217.307219
21058.520289
20830.892314
20611.606522
20505.320313
20493.560180
20430.890014
20462.651396
20177.722748
20052.707199
19829.067917
19974.045894
19818.841638
19747.287792
19448.770461
19711.916252
19655.983184
19360.321280
19027.415020
18687.299171
18895.938134
18759.305933
18528.368087
18393.883016
18518.847689
18489.234716
18213.839647
18350.692763
18515.495380
18545.759826
18281.377717
18611.834322
18409.152409
18118.443809
18186.490246
18105.824557
18270.431368
18307.407839
18261.339408
18356.401849
18331.777835
18549.134042
18597.763614
18582.083276
18460.583034
18846.338196
18850.131090
18827.851987
18448.392721
18198.490732
18017.554430
17822.272787
17769.441501
17803.722367
17855.716641
17953.170025
17885.872308
17705.284575
17373.369365
17420.959721
17177.445068
17111.984579
17069.467703
16890.421769
16677.688916
16405.286823
16244.093070
15977.390377
15815.356153
16006.874620
15989.060300
15814.344540
15684.548882
15655.795948
15459.186542
15437.223294
15408.428796
15467.893630
15371.495027
15270.814394
15173.163870
15255.537049
15319.030785
15499.043951
15368.519205
15219.814813
15116.243680
15187.662869
15507.075804
15510.400445
15463.966697
15526.917382
15400.732297
15291.495682
15243.960114
15042.715049
15073.481258
14998.544450
14838.295659
14833.510288
14773.913205
14763.652838
14794.144706
14714.143353
14849.628343
14911.221435
14849.374089
14793.897541
14690.920311
14717.342923
14657.538522
14562.167478
14596.761065
14942.758306
15033.200783
15209.807410
15271.026844
15205.251972
15134.977609
15213.460101
15068.516508
15039.820094
14990.966344
14947.445478
14924.853596
14915.128564
14932.925077
14826.035686
14753.196646
14449.187794
14293.630365
14229.137082
14312.652777
14201.561315
14332.318543
14351.683008
14453.310623
14512.750974
14618.929111
14725.606185
15003.369013
15278.196641
15244.616221
15354.365802
15472.086727
15593.498077
15637.666311
15449.245740
15439.242277
15503.456634
15498.338704
15630.955102
15718.442641
15963.030313
16105.004287
16248.507014
16213.493428
16206.493267
16147.811741
16254.719193
16280.912645
16419.882699
16331.766995
16236.672763
16235.972458
16358.381679
16404.525340
16331.459857
16142.957452
16027.001737
15702.530081
15511.215342
17019.787908
16693.327924
16332.645842
16098.703746
15686.270519
15325.694248
15058.389928
14648.376314
14473.032008
14328.125506
14107.146681
13961.977583
13771.431645
13722.648298
13685.586471
13451.413030
13220.422771
13059.068299
12920.122727
12802.763649
12806.127428
12691.197527
12619.900396
12514.783807
12482.997558
12663.526112
12689.749806
12634.176041
12681.486847
12657.800740
12710.271487
12826.444187
12786.682762
12847.713330
12929.100213
13143.723633
13388.917844
13383.256265
13244.007178
13110.167603
13122.094517
13040.966262
13123.537556
13141.858718
13107.906958
13308.378277
13242.618187
13249.302964
13274.665267
13437.986905
13449.264031
13377.643966
13280.746082
13279.151915
13508.276672
13504.082446
13378.043030
13315.144800
13403.889521
13068.487202
12878.207940
12731.015190
12556.142861
12461.323954
12418.434227
12235.669378
12498.517282
12647.030633
12765.224200
12904.151225
12826.782879
12595.522167
12341.757823
12178.850324
12094.892122
12056.363202
12052.478375
11934.564260
12001.981145
12079.270323
12094.240141
12011.132055
11988.132315
12042.929621
11970.728238
11763.097708
11661.456548
11582.309211
11413.927084
11458.352298
11590.309193
11671.483930
11691.007772
11916.222090
11911.352162
11960.145338
12010.075326
12170.681364
12353.017884
12552.425813
12744.957463
12776.537041
12630.835679
12557.482131
12525.200181
12729.363701
12968.048458
13146.846035
13157.464517
13102.920703
12947.782511
12760.040444
12509.218814
12403.624540
12341.411941
12105.494285
11925.772512
11724.676043
11623.630476
11478.625423
11340.635328
11214.234934
11183.507501
11252.214479
11243.701795
11010.936313
10795.671850
10823.417669
10897.238943
10774.926015
10771.305205
10888.387003
11165.932359
11092.922015
11036.617091
11130.233295
11213.737317
11163.685745
11009.336752
11019.026777
11022.271517
10933.024608
10835.487103
10844.120591
10841.255738
10977.345892
10886.117813
10751.745256
10749.561914
10670.279897
10601.946294
10587.578392
10438.713197
10308.350087
10260.203170
10209.640071
10173.785518
10035.374674
10093.849077
10130.058584
10147.904675
10144.591794
10153.393577
10298.649388
10477.418879
10700.230288
10687.810931
10633.573325
10748.726032
10793.211299
10839.570342
11053.078099
11164.624194
11150.008671
11123.104316
11343.827531
11485.330272
11561.216700
11603.912728
11576.062189
11877.376727
11991.782400
12212.812888
12588.015381
12702.995004
12614.876626
12812.046521
13005.608900
13081.701004
13056.878699
13072.340647
13184.484399
13237.220963
13195.940307
13126.566821
13132.403186
13099.971262
13229.427601
13413.564064
13428.599586
14426.173528
14419.194264
14820.614943
14713.886156
14401.615378
14290.303237
14246.250820
14112.302985
14029.703522
13964.885012
13820.499585
13794.933430
13860.673033
13864.639381
13866.258392
14000.263120
13989.555846
13916.215309
13767.984935
13777.146473
13715.732287
13629.067241
13534.558977
13417.827106
13330.739673
13299.143866
13333.716084
13358.594986
13413.033864
13464.950798
13442.444435
13337.035938
13362.333161
13497.843954
13685.798815
13840.132404
13774.808137
13740.546161
13681.291402
13686.415067
13759.482549
13868.210383
13933.427314
14055.650066
13978.691092
13896.215361
13890.879103
13991.625344
14236.628391
14334.577363
14399.766142
14507.495482
14431.446198
14351.030751
14324.843919
14471.464468
14448.832421
14468.979036
14465.898711
14499.458678
14550.575940
14507.670672
14585.142041
14484.551605
14393.857358
14314.697824
14201.739403
14130.295570
14226.102360
14302.232537
14436.701302
14591.670158
14494.118023
14463.200357
14635.746222
14523.217734
14419.884298
14445.784201
14516.663618
14569.650045
14586.724406
14597.031323
14395.493482
14305.130573
14328.772083
14333.219754
14359.197982
14575.285141
14569.124806
14468.354840
14287.560628
14466.617890
14407.655623
14484.747352
14489.557043
14631.059583
14632.165427
14520.651274
14607.540279
14741.037775
14951.483925
15490.607768
15592.053850
15665.160962
15666.879384
15793.962866
15862.476487
15893.019330
16140.317383
16292.932886
16519.172516
16591.064871
16683.723392
16901.262713
16984.787812
16968.003324
17066.054138
17209.896529
17069.409546
16871.178284
16478.733095
16151.431735
15849.279756
15576.772631
15612.835960
15270.547103
14869.364846
14588.084839
14521.715891
14412.532057
14395.638788
14286.276456
14293.397928
14356.343718
14334.903002
14273.475499
14288.240940
14401.503403
14316.632154
14270.800546
14171.374245
14241.382003
14485.269766
14712.712160
14629.594199
14730.628214
14733.022294
14861.457454
14960.882620
15138.418881
15023.933231
15022.775785
14949.770330
15080.626911
15160.756350
15294.483238
15341.143390
15395.815632
15588.495439
15519.243216
15502.802624
15444.156610
15369.340937
15124.524870
15043.682940
15132.710558
15020.008364
14937.670690
14815.638136
14852.385641
14809.436947
14977.972943
15040.086061
15080.693522
15152.643160
15421.097277
15389.822805
15362.068920
15372.592925
15481.771121
15649.600212
15865.061378
15881.125956
16115.842208
16315.371666
16652.536416
16768.713517
16845.113135
16915.806498
17020.694604
17322.793207
17524.426096
17416.985183
17261.292787
17021.137952
16991.516348
16827.638570
16822.597818
16638.354202
17874.467864
18024.701334
17981.121169
18075.692561
18047.680482
18060.296458
18123.944380
18664.170691
18778.087646
18783.532284
19077.681160
19100.346121
18965.791560
18775.835316
18695.859236
18418.709412
18465.138647
18324.218969
18168.753119
18169.131149
18047.807925
17777.225372
17619.932731
17755.014526
17677.573603
17530.040021
17633.612530
17463.912296
17598.163740
17560.255553
17622.462383
17791.315734
17838.255830
17648.444999
17744.410985
17577.641416
17456.261306
17291.158044
17096.553083
16904.243076
16866.215236
16935.677023
16946.202976
17047.183023
16983.894460
17051.186012
16933.516907
16774.150866
16738.659009
16628.522137
16663.590148
17063.261621
17136.325991
17527.886162
17689.017344
17669.656673
17853.848349
17529.497108
17419.383037
16911.429571
16682.642406
16162.718129
15671.437125
15245.782916
14858.693770
14550.398297
14241.482304
14183.659169
13821.323269
13616.468871
13518.982682
13247.260999
12966.364616
12741.164032
12728.043085
12601.444852
12457.623590
12654.640450
12792.602545
12647.392026
12822.093013
12903.521695
12974.471101
13208.716173
13481.260757
13652.448699
13877.041951
13871.342794
13786.999184
13700.555107
13352.009705
13473.911180
13519.572484
13468.138958
13447.763382
13375.877174
13232.083315
13235.039934
13113.585976
13208.075305
13325.432324
13417.846982
13673.154633
13814.849843
13884.460292
13880.017669
13817.185413
13835.255554
13842.979051
13947.426177
14078.176437
14166.138203
14355.615607
14384.513258
14462.856222
14297.764392
14218.025192
14220.116089
14338.918128
14526.215359
14678.692826
14738.817008
14918.582040
15023.688232
15032.307742
15016.484512
15060.621071
15139.064527
15332.644634
15490.290834
15372.278253
15148.025124
15216.459162
15303.898949
15251.068708
15150.005468
15196.152254
15089.317190
14900.855252
14773.832097
14886.944414
14994.805037
14905.527530
14852.121742
14834.594086
14838.099676
14743.382927
14806.103977
14875.669366
14981.846682
14916.495525
14878.702121
14877.943486
14801.022782
14965.093211
14918.415021
15005.800153
14992.674851
15015.523461
15020.888465
14960.251885
15467.329486
15321.821836
15447.581724
15368.539893
15290.481526
15566.255489
15676.083891
15752.095382
15642.086692
15570.500004
15616.410298
15533.789783
15526.112059
15430.551554
15333.757310
15545.108660
15557.398325
15468.928409
15571.450616
15314.791810
15374.844377
15267.506079
15394.624893
15649.611295
15643.966025
15780.116743
16203.208945
16384.954380
16358.804701
16441.044858
16637.961242
16750.965141
16939.828649
16885.962706
16823.844963
16974.621342
17118.639295
17256.930860
17316.539219
18806.355395
18654.657233
18430.955744
18345.745212
18366.779520
18639.617014
18781.044007
18728.376120
18741.486726
18566.431997
18388.130005
18330.841152
18482.601055
18406.212179
18520.395688
18485.395511
18527.102206
18379.684351
18131.170722
18025.604342
17924.261380
17870.287527
17772.604523
17568.644885
17475.565582
17398.446126
17422.378722
17241.561747
17007.456208
16869.444182
16511.062169
16251.673767
16220.799882
16088.265771
15836.625031
15635.056525
15437.978208
15495.432239
15377.092000
15347.833478
15368.457490
15355.513047
15328.317787
15357.709741
15402.059548
15554.250688
15521.345997
15441.223795
15665.013586
15757.511926
16068.832408
16466.469219
16805.957523
17143.012588
17450.489409
17779.482586
17721.473163
17762.277936
17878.567961
18049.561131
18300.934055
18152.506960
18386.195338
18374.983610
18367.885410
18478.440159
18564.137759
18717.123028
18882.372759
18874.873729
18801.812395
18635.611971
18531.870589
18442.179020
18411.677912
18219.917546
18089.215786
17870.139311
17824.373522
17673.056806
17648.152986
17648.678670
17493.852579
17263.995244
17232.732737
17410.437277
17391.354629
17412.700623
17495.414611
17959.981135
18096.613451
18324.367092
18225.242855
18314.980713
18357.372854
18353.166956
18500.449785
18382.725335
18698.785146
18792.822360
18687.514575
18689.076101
18607.665433
18463.415495
18356.256485
18378.651504
18306.820889
18322.001414
18375.422912
18339.773335
18178.800354
18041.087787
18080.723594
17814.169767
17480.614220
17130.050176
16891.551589
16601.299499
16373.756093
16080.487896
15802.894874
15798.969738
15675.982035
15644.226071
15556.952022
15668.747558
15730.388612
15755.535848
15666.374742
15510.820711
15459.346342
15325.022162
15200.135760
14922.677991
14805.795072
14498.356299
14636.399268
14560.689109
14295.517398
14318.082705
14040.798178
13783.122975
13595.535453
13339.425347
13305.940354
13217.937454
13221.966072
13072.675611
13004.771243
12742.775818
12594.225262
12413.941450
12389.714966
12393.150786
12324.889325
12487.868388
12397.878891
12431.024162
13108.798444
13293.385973
13491.128439
13557.077899
13833.957337
14627.573196
15249.374928
15916.968927
16485.512638
17698.680143
19097.432410
19028.909809
18886.515299
18666.146397
18648.486136
18486.599084
18290.775012
17879.867634
17931.748762
17804.008383
17858.458944
17804.790899
17881.025864
17995.547120
18377.405058
18644.742648
19048.356496
19247.413181
19613.595463
19674.703925
20271.227553
20430.913234
20477.622474
20545.733507
20764.058597
21003.502726
21316.931511
21515.779053
21937.884218
22425.190007
22695.350115
22946.649275
29713.665831
29726.060971
29733.385374
29478.551399
29652.953241
29935.952638
29826.068731
29678.580981
29974.075461
30155.940316
30342.253104
30245.309076
30142.235779
30453.465167
30272.282104
30327.797411
30506.242835
30594.165987
30459.606707
30652.947940
30471.833877
30322.736301
30343.815172
30504.408727
30726.823585
30717.372602
30644.417697
30743.090930
30561.799128
30425.548388
30362.027831
30282.675459
30006.447568
29888.180092
29542.563244
29169.717435
28938.208034
28698.595671
28323.285496
28423.548672
28113.045748
27890.036598
27535.158297
27469.914108
27416.743893
27564.667482
27353.947834
27302.713187
27300.142234
27328.339044
27276.580915
27038.861673
26990.765648
26924.929327
26789.345605
26708.682247
26885.585389
26936.321806
26908.693951
26955.004352
26916.461977
26907.501623
26707.106934
26405.359431
26356.762048
26075.421984
26034.345003
25866.027753
25677.938130
25441.594164
25212.032103
24925.406969
24825.371914
24789.883711
24734.279721
24586.044167
24485.996860
24454.057802
24555.778441
24706.283637
25115.926317
25197.816276
24996.168600
25430.379777
25783.198043
25926.453828
26131.558587
26367.113991
26662.036723
26899.515279
26933.249319
26920.469206
27000.747706
27044.831890
27007.405981
27316.804310
27490.736643
27608.140988
27757.710409
27951.130771
27600.174232
27265.985128
26867.356460
26734.910206
26281.074500
26128.542343
26088.907383
26352.987504
26146.110678
26087.581614
26040.143710
26005.881623
25770.932640
25568.668361
25165.525139
24801.476333
24756.018202
24807.052586
25168.997996
25270.006920
25273.596770
25369.458108
25150.165595
25167.731825
25297.933469
25229.868168
25401.892407
25444.280139
25653.132799
25706.715375
25912.183528
26405.115528
26558.004849
26529.669313
26158.495651
26028.868908
25730.896051
25611.704189
25571.656235
25565.418521
25555.810340
25762.670803
25638.101969
25539.769420
25632.133890
25615.613470
25587.695541
25673.365666
25687.289540
25373.556435
24984.502143
24631.653507
24335.812008
24201.899839
23933.640141
23912.495389
23712.294149
23566.024539
23113.048803
22849.572833
22599.466740
22667.756148
22673.227165
22644.338355
22434.662614
22255.772621
22093.831048
21916.033614
21812.490756
21782.783866
21889.032908
21681.679302
21502.422787
21216.634981
21076.893428
21090.887973
21237.241613
21091.069729
21083.355458
21284.909254
21385.683399
21531.199229
21320.776522
21051.188677
20834.099831
20782.677192
20425.590392
20029.342245
19812.679054
19876.115689
19650.764807
19496.175586
19306.547199
19026.215918
18865.650220
18557.332415
18243.932461
17945.590739
17845.730810
21170.612897
21156.741076
21054.464806
20869.596468
20675.281351
20479.717283
20282.233380
20165.262887
19891.136998
19594.987991
19487.007219
19302.362740
18990.762250
18657.377079
18293.151362
18067.313402
17627.469301
17683.413483
17466.721240
17204.989099
16944.994546
16485.438937
16308.033657
16079.318248
15993.062140
15992.056092
16270.888581
16688.599054
16781.227925
17049.358685
17397.592712
17681.462096
18016.102717
18175.019149
18274.162310
18408.779684
18696.038739
18598.326998
18493.579276
18506.284626
18508.491963
18650.126189
18489.188507
18592.219277
18697.557333
18532.832408
18354.245689
18058.866738
18049.605754
18240.948996
18218.909389
18256.618822
18181.046704
18115.398290
18218.942101
18220.257741
18319.280149
18652.884769
18734.111118
18715.178111
19002.815284
19310.133344
19470.356088
19823.669656
20078.913625
20328.077747
20519.634644
20730.943108
21238.874384
21845.620861
21909.986877
21967.573807
21765.210803
21755.589479
21453.343338
21488.248720
21099.259814
21020.688980
20968.234923
21007.878079
20964.052802
21256.685456
20998.208046
21049.470193
21051.518252
21177.291359
21090.379732
21121.872510
21405.935748
21859.787980
22251.265247
22811.827475
23002.608651
23305.011551
23434.462935
23410.277043
23183.939661
23114.479933
23008.791230
22989.881081
23196.783105
23012.708656
23187.351654
23218.548777
23124.538986
22986.582625
23272.194670
23431.024152
23543.108239
23644.635180
23560.948519
23753.999132
23930.793293
24206.873236
24433.729574
24545.399958
24779.471137
25427.638757
25557.939172
25657.332409
25771.971671
25674.384852
25641.755806
25726.013113
25641.320301
25532.513109
25668.475689
25803.287199
25762.781662
25855.626893
25764.955352
25895.295820
25703.256519
25611.301536
25325.873714
24862.564342
24949.989067
25165.928829
24976.177485
24932.972533
24800.308220
25111.865358
25206.244639
25256.665740
25387.859904
25405.094360
25460.863172
25432.557268
25516.584306
25520.017836
25579.758121
25625.421195
25854.475626
25902.865570
25924.886997
26109.999510
26264.715221
26410.730440
26610.754703
26833.675791
26956.482197
27059.058088
26961.662046
27195.943650
27361.252349
27496.746595
27470.544559
27300.691841
27663.359210
27696.693210
27664.501687
27674.107975
27543.488851
27900.181075
28220.062217
28446.157146
28458.363014
28616.111530
28629.862816
28668.514773
28818.696878
28838.530661
29029.278638
29133.889216
29187.822206
29300.246782
29223.697188
29238.100564
29131.909261
29107.949092
29239.551638
29358.217193
29647.467118
30034.917291
30031.775348
30203.268934
30198.113330
30147.403742
30168.747281
30128.933446
32558.953440
32580.146945
32706.049401
32255.135167
31974.299977
31844.294782
32110.554553
31989.838590
32066.829013
31836.950308
31891.777302
31900.557064
32022.337054
32255.279025
32350.460172
32396.709712
32762.195795
32948.050711
33012.506999
32704.132630
32641.667175
32110.674012
32164.610900
31564.894080
31288.045455
30880.513770
30988.888082
30687.075050
30430.203651
30263.846409
30083.375657
29743.155894
29602.911825
29707.091724
29645.364589
29496.547340
29464.037620
29386.337700
29020.605128
28575.492519
28333.349266
27929.473959
27561.466928
27207.805346
27222.960177
26967.423933
26640.146854
26410.159119
26254.933516
25882.077036
25930.251616
25851.954721
25546.788358
25126.570508
24913.657669
24707.029688
24586.184086
24183.972921
23783.048784
23757.104188
23914.617606
23886.804373
23657.487684
23952.715260
24242.910870
24334.357483
24341.267060
24254.854688
23919.202149
23508.367532
23078.886410
22774.675423
22631.612240
22638.502216
22712.047694
22504.021780
22654.224612
23005.258480
23150.721046
23020.012445
22915.870646
22985.822212
23207.633062
23410.533762
23779.038446
24022.172798
24111.370041
23960.028990
24061.502050
24342.281850
24675.822659
24873.274663
24923.520734
25039.191756
25334.722364
25765.205854
26043.816150
26272.009656
26977.366036
27134.462440
27336.813828
27238.922156
27260.030950
27241.033324
27167.314991
27060.917869
26885.389623
26592.465240
26599.524331
26815.999094
27208.885414
27071.433300
27178.293008
26989.139142
27631.921400
27359.960625
27238.209652
27228.816817
27440.281858
27194.663844
27030.699279
26835.630982
26775.806295
26742.529706
26730.246358
27031.953648
27021.426554
26926.108167
27195.257661
27028.016346
27096.403764
27056.646321
27176.782633
27406.096442
27911.556326
28021.653019
28616.915467
28634.450085
28621.590326
28726.934339
28823.866054
28827.417849
29018.882251
29564.628334
29756.098878
29799.980209
30099.851787
30038.455276
30214.638394
30278.412357
30626.942720
30935.348525
31318.836000
31413.372632
32161.190275
32484.052330
32857.437948
33231.381737
33678.671474
34006.228096
34106.795123
33930.573014
33996.691422
33745.045086
34138.518322
34109.996328
34219.265139
33908.395999
33566.313454
33448.268370
33474.411814
33431.530439
33823.200976
33886.472300
33876.811430
33723.774780
33488.613492
32849.406347
32736.473284
33060.684914
33051.705570
32974.018331
32816.340944
32626.480759
32503.842996
32327.199866
32017.910461
31867.391408
31851.433603
31928.520746
31779.247650
31692.559777
31682.465122
31686.306571
32351.873596
32657.307367
32848.061607
32759.407546
33059.766580
33301.484134
38609.790319
38574.916489
38020.653018
37601.769387
37372.582878
36890.734126
36294.417028
35606.362843
34955.162348
34142.772858
33698.810686
33387.391720
32774.088801
32294.231420
31783.653182
31401.803856
31253.972487
31024.026804
30970.668601
31285.433210
31495.541942
31744.855041
31504.780916
31388.020302
31091.889875
31058.867930
31024.402965
31120.582817
30989.392892
30982.782070
30707.290026
30419.572583
29941.872386
29558.147394
29328.577279
29236.007238
29220.077465
29158.693199
28927.425206
28498.548063
28229.444190
27916.007274
27529.548087
26991.137349
26677.345188
26271.101458
25826.958150
25516.210242
25238.905612
24807.772096
24491.885452
24279.699023
23967.667013
23646.915035
23280.028107
22959.030623
22504.573209
22170.152392
21873.483988
21805.092142
21824.163025
21915.292128
21840.147130
22004.014283
22316.793961
22649.236616
22845.904197
23024.738399
22997.717165
23046.454836
23379.292879
23162.045882
22852.810255
22739.236409
22392.066745
22212.608506
22006.083963
22212.724863
22325.829796
22604.993208
22755.037665
22954.470096
23181.515219
23170.721811
23291.001406
23578.008199
23382.394063
23537.893968
23381.332603
23317.771855
23174.126400
23194.502433
23232.079272
23402.443936
23628.843307
23572.397221
23780.538144
24085.715158
24013.531361
23884.243028
23992.909308
24051.216784
24123.048102
24357.715304
24409.260912
24376.021396
24117.322287
24005.589506
24022.478658
24028.378254
24074.626008
24064.482943
23992.035267
24017.625660
23933.030652
23724.183041
23499.636634
23602.443037
23338.971866
23197.101704
23133.928972
23213.240366
23084.115603
22916.933352
22826.631782
22539.927644
22159.080282
21919.996856
21957.338190
21851.855594
21608.788304
21620.748889
21410.080072
21574.470186
21683.366285
21639.821500
21528.128464
21378.647531
21342.354370
21518.624887
21650.454427
21587.939549
21440.671983
21251.332502
21196.663916
21159.093465
21136.197615
20949.219107
20895.844426
20766.354166
20630.416850
20576.829340
20594.293756
20568.375146
20567.485801
20458.852687
20476.678680
20558.746707
20667.515254
20736.892433
20703.169380
20674.544244
20552.079777
20557.150298
20527.759450
20577.967556
20518.002511
20460.318072
20474.992364
20576.717256
20624.140217
20746.274382
20867.395957
20993.030081
21034.131518
20897.354354
21000.780754
20866.455442
20828.599336
20861.898781
21020.850901
21074.545611
20982.328134
20791.843100
20560.129376
20352.546437
20271.350488
20049.630022
19902.775972
19677.009722
19545.276883
19388.926765
19341.617681
19334.846601
19255.904271
19212.767881
19323.058899
19351.886346
19518.860656
22829.752918
22825.704487
22611.066322
22375.528692
21976.218924
21732.870723
21588.607579
21792.977200
21767.242065
21690.589766
21681.197533
21518.318048
21406.908028
21043.593999
20796.469201
20356.508486
20252.679140
20024.437340
19935.517434
19668.670974
19520.209974
19466.266142
19295.513620
19053.922252
18701.975159
18342.260715
18160.779052
18310.532256
18426.966428
18311.245557
18266.428377
18231.687351
18352.024552
18255.929207
18457.815099
18576.889050
18512.726951
18611.655309
18432.421563
18307.533818
18378.874774
18461.009467
18652.939386
18841.582613
18727.083874
18811.721837
18683.331824
18873.439742
18882.132461
19362.308191
19685.400625
19760.699221
20202.679946
20278.302812
20108.921004
20032.698484
19877.879246
20050.475479
19887.508568
19817.195885
19760.100797
19781.389874
19730.598812
19863.406126
20231.992683
20264.985205
20088.249671
20002.880324
20084.508857
19975.879493
19823.858067
19705.825948
19664.973866
19439.093801
19128.778326
19182.962939
19217.155969
19323.396210
19269.916595
19211.542334
19428.463257
19631.969505
19735.284756
19972.128361
20269.145472
20982.758787
21309.483593
21670.001570
21979.740707
22286.757593
22572.823635
22825.151081
23164.575880
23684.441204
23875.226986
24099.418578
24824.486865
25139.909581
25242.835670
25326.940946
25357.252722
25643.307733
26050.083523
26479.089150
26753.499399
27047.161684
27421.583992
28327.747929
28540.791905
28814.567996
29132.718028
29391.580166
29863.577628
30151.645806
30296.130182
30525.441320
30715.804548
30849.045693
30775.216938
30770.977660
30416.726816
30461.125769
30413.316540
30658.411497
30717.985040
30486.552454
30275.899341
30172.084767
29885.558960
29734.088855
29818.694216
29955.528133
30144.249765
30254.923551
30183.589139
30492.225368
30482.837629
30669.605551
30457.964490
30599.591755
30750.133736
30734.372147
30798.998638
30821.146745
31089.595290
31072.935134
31110.084455
31137.741017
31100.712790
31051.598719
30967.332508
31350.624706
31540.885628
31208.049190
30599.301632
30047.316943
29569.511880
29079.581384
28500.476825
28240.284356
27866.379942
27239.625651
26854.432604
26465.710973
26335.864640
26101.679252
26056.952152
25943.128074
25703.987356
25638.568380
25302.687020
25247.207571
24991.709938
24615.826402
24428.693905
24006.670975
23843.776642
23803.878006
23795.158615
23872.259508
24121.846532
24438.318912
24754.751986
25171.598700
25308.857981
25537.148415
25838.349818
26058.600954
26425.200318
26734.791283
27035.149758
27444.392270
27725.302068
27838.331083
28073.779234
28300.992233
28753.511249
29458.361177
29819.607824
29903.094099
33269.339394
33213.248895
33098.543313
33334.455363
33612.928674
33769.725377
33806.768520
33970.979114
33993.241923
33506.752376
33294.677502
33318.394607
33042.639583
32873.491917
32888.158498
32932.138808
33066.520103
33126.503902
33609.190472
33626.566242
33487.535969
33783.767014
33664.766898
33620.387377
33750.293498
33787.531765
33754.351255
33639.747418
33688.477694
33836.085182
33998.116217
34075.179033
33996.141650
33954.958097
33778.794506
33645.611643
33614.354591
33695.511371
33934.735802
33731.622542
34028.500238
34004.804638
33925.576171
33612.650303
33627.970729
33491.713369
33491.166917
33270.224257
33270.940495
33423.087588
33327.972424
33022.942431
32754.665897
32587.069857
32390.975188
32168.928389
32106.434911
32338.571989
32512.282605
32256.374357
32351.124267
32294.254328
32234.867102
32087.061002
31962.060893
31738.314711
31722.187211
31909.736674
31815.853762
31826.461073
31671.169392
31444.936413
31098.183710
30600.529426
30421.824524
30139.458788
29808.815260
29283.550968
29094.757733
28731.608082
28336.713952
27993.842960
27732.715518
27542.793468
27541.814579
27319.708164
26988.852167
26822.601716
26697.946140
26597.703735
26709.159724
26814.180170
26959.102534
26990.265054
27223.006703
27560.507348
27946.654530
28262.976706
28826.808262
29007.134516
29488.456222
29682.158901
29471.003897
29492.626251
29892.822389
29974.534211
29977.215344
29977.997714
30068.811554
30246.598427
30537.676349
30485.972923
30692.838983
31251.349975
31474.300123
31492.577274
31665.234685
31850.008245
31901.641166
32087.743421
32157.724878
32071.360202
31999.164741
31920.155524
31995.285003
31938.818792
31931.038636
31884.788665
32063.098252
31972.951182
32098.527153
32083.365501
32222.377618
32714.274423
33173.262663
33464.368157
33648.636024
33877.996380
34041.398521
34091.230556
34216.480793
34240.519498
34359.819014
34288.992769
34434.056856
34048.267739
33962.250430
33959.086928
33798.160033
33466.518698
33527.255508
33386.677046
33118.833390
32942.742701
32726.421252
32556.633523
32523.354788
32360.618421
32369.352206
32013.617929
32139.235072
32041.732142
32003.088672
32145.957768
31982.467722
32011.328650
32544.636727
32493.208813
32444.038568
32311.017032
32047.540690
31718.991106
31603.253316
31397.074964
31051.550627
30845.188782
31001.768559
31040.691896
31311.998477
31515.559338
31948.318626
31871.726224
32104.069324
32315.889388
32713.761585
32897.175466
32844.171595
32733.429682
32905.024865
33190.271661
33467.020823
33641.579585
34104.190802
33962.542046
34265.211023
34467.887726
34391.677654
34484.160438
34550.270063
34593.540873
37608.095202
37337.282599
37297.320430
37099.709310
36805.065021
36880.882358
36525.744123
36431.025544
36392.842894
36343.992907
35988.291300
35742.719873
35418.960350
35328.733901
35240.485441
35426.484698
35190.819287
35160.599891
35015.616956
34709.906696
34452.481949
34493.265695
34411.104371
34428.231506
34342.317969
34019.841287
33429.268830
33228.315193
32883.079825
32401.867010
32017.326601
31989.934781
31629.496865
31583.735747
31516.443078
31432.103277
31573.541250
31496.264188
31208.627449
31126.972547
30900.984704
30821.923704
30676.203989
30159.578104
29717.544297
29389.357278
29160.622747
28910.983767
28727.128696
28467.097751
28200.840903
28182.014544
27940.666758
27814.927538
27640.585083
27746.140142
27890.519410
27635.836576
27509.476120
27415.778785
27368.076120
27203.762510
26879.880267
26752.682332
26645.628608
26527.688354
26275.319622
26172.486974
26266.595959
26261.607338
26045.342657
26065.612779
25703.187042
25312.462984
24889.408462
24488.847843
24171.072118
23983.644002
23657.736312
23554.876947
23589.011531
23922.631543
23781.617613
23672.481830
23528.379307
23499.148577
23357.242129
23321.964336
23331.089649
23344.660656
23366.035467
23466.172909
23635.793675
23674.251050
23465.134576
23198.701377
22843.621210
22388.189169
22257.469907
22254.216019
22174.583650
22358.615251
22275.308018
22293.330853
22097.621173
22172.155800
22064.410756
21755.715708
21428.780903
21332.639897
21152.729471
21184.979272
21396.675406
21591.896538
21674.831123
21667.438586
21366.992147
21212.756265
20935.192962
20552.645078
20512.487334
20487.188458
20247.209427
20147.711701
19964.420233
19759.493339
19664.526516
19359.845288
19092.766749
18872.030372
18601.754344
18545.737215
18401.862119
18263.486660
17974.386837
17581.047887
17293.317061
17113.768855
17003.241197
16684.985019
16502.974984
16457.108588
16443.021786
16412.929520
16521.428142
16517.360657
16560.692624
16683.207012
16688.940779
16703.485897
16939.668465
17173.602689
17275.671574
17709.374270
17974.838890
17988.402828
17927.323863
18129.161591
18433.825080
18384.545591
18212.373213
18422.511415
18383.672119
18435.668905
18476.826636
18492.526481
18673.515843
18735.408679
18813.065696
18952.216332
19289.911398
19446.694260
19576.057586
20161.513530
20440.896677
20851.828314
20921.452584
20714.866230
20639.111154
20752.312459
20757.677228
20864.385523
20658.930953
20899.858915
21172.081656
21300.501102
21475.640753
21507.066559
21550.313231
21806.617177
22037.513769
21868.206708
21854.412059
21805.314985
21710.719824
21463.885794
21672.585622
22048.709282
22076.858132
25429.823068
25493.127993
25362.126495
25204.824092
24976.492692
24756.009233
24891.797007
24614.540490
24219.950720
24075.102204
23861.990231
23626.690720
23265.218929
23055.765825
22774.303024
22446.281991
22021.112989
21675.429889
21344.493688
20973.527828
20737.741632
20449.689845
19860.346529
19220.388026
18873.086272
18705.796664
18544.248007
18314.686587
18024.073827
17910.721116
17687.863491
17538.933062
17342.115821
17181.272775
16880.111097
16596.893777
16547.053010
16434.147418
16123.510635
15967.154712
16068.832270
15815.296539
15895.425830
16107.544734
15786.892988
15587.520887
15444.850725
15172.961130
15099.709152
14962.370753
14968.887510
14916.164703
14799.983919
14760.043546
14819.727644
15055.807928
14890.068512
14834.874890
14721.876244
14487.907922
14488.685075
14373.721409
14325.011809
14177.149454
14045.876295
13876.300128
14037.410611
14051.073414
14173.704057
14260.042384
14115.177519
14107.006879
13955.817319
13781.151943
13644.447287
13508.475903
13360.910932
13187.128130
12964.163881
12840.943922
12817.108490
12805.707968
12960.948060
13055.171245
13024.404840
12942.725774
12984.663995
13090.819031
13196.736903
13337.672607
13532.753682
13712.535606
13709.685296
13636.169659
13523.419999
13642.766646
13592.338118
13461.246702
13336.007897
13341.878090
13388.493989
13562.755565
13702.911904
13715.107485
13717.540346
13917.035878
14005.038986
13774.312527
13625.243959
13569.581761
13325.534046
13097.371069
13038.478986
13014.096213
13104.673756
13056.365558
12879.468849
12808.507171
12767.646518
12705.503408
12969.220395
13105.924081
12786.376896
12587.116875
12432.525737
12383.903372
12297.637615
12147.598872
12023.552261
11996.186413
11993.463367
12159.307846
12169.938532
12200.116115
12247.208348
12308.957735
12250.117691
12062.866709
11999.793961
11863.184656
11644.311697
11715.774544
11727.589738
11733.625938
11680.548562
11774.501526
11823.070568
11946.897431
11920.964325
11887.990618
11805.983244
11867.782121
11872.883211
12113.235129
12000.585137
12015.736273
11989.706322
12009.134731
12048.827014
12366.338605
12350.100106
12376.595100
12258.259463
12188.644529
12082.027989
11982.326589
11833.331829
12232.665237
12326.679034
12546.556847
12440.350573
12272.748731
12379.374040
12451.930828
12376.546051
12571.063847
12545.538105
12657.237671
12750.658140
13127.376213
13263.293677
13294.481935
13311.918622
13308.299162
13300.460674
13325.755287
13389.098896
13324.781206
13247.051949
13133.087587
12936.139090
12926.018410
13131.886117
13327.456517
13333.864083
13204.759115
13018.693708
12951.492356
12934.490287
13184.157930
15984.048072
16223.884884
16661.278875
16842.305128
16935.778107
16919.730378
16891.320329
16793.169999
17185.005617
17572.774944
18107.120510
18317.442916
18349.621751
18593.273997
18893.763238
19027.710370
19139.458185
19459.124492
19593.081992
19903.235736
19930.179832
19783.835546
19743.318278
19713.281776
19905.264746
20109.966215
20374.609080
20670.047254
21071.662538
21370.295098
21689.709755
21967.941914
22068.823250
22054.433067
22419.542787
22674.420549
22874.479914
23049.281408
23276.880083
23405.122353
23352.027020
23354.084493
23534.478307
23982.495568
24451.060986
24687.613819
24929.762540
25067.670491
25239.702653
25298.819481
25644.803997
25834.767719
26418.574431
27103.802572
27609.714404
27702.032606
27506.507446
27644.421289
27875.753166
28066.463547
28504.277625
28628.400998
29016.118203
29052.198568
29420.106286
29725.951952
29761.175923
29981.438696
30041.574604
29936.966462
30023.627943
29966.524977
29966.700689
29859.177419
29551.728352
29369.530170
29306.332093
29103.976273
28918.765694
28791.333292
29016.633294
29127.515355
29627.806254
29727.992412
29950.706516
29880.139818
29916.591651
29999.165990
30147.117494
30289.585149
30381.678440
30211.559224
30278.593028
30307.502592
30224.719619
30399.413050
30431.054162
30433.544592
30447.577166
30378.049288
30546.542902
30593.313796
30414.726538
30449.821583
30583.444230
30820.424959
31181.340966
31471.309212
31676.661399
31768.832250
31914.159265
31845.957184
32285.753443
32311.626555
32429.107972
32380.052574
32296.763670
32089.999997
31996.966664
31784.957546
31599.144963
31522.305362
31379.782251
31548.851962
31447.436814
31151.692425
31326.645058
31324.759864
31218.365008
31110.368327
31169.308734
31110.576630
31019.836034
31100.546193
31248.820844
31166.889606
31631.352969
32563.577477
33459.610368
34183.649458
35012.561102
35551.842851
36125.591885
36278.018173
36705.964323
36746.799440
37166.843782
37299.607475
37563.638866
37352.186335
37498.298587
37254.238559
37089.142318
36684.226378
36368.940550
36182.175875
35944.027866
35654.767649
35452.193972
35548.168587
35440.681727
35158.451562
35046.615258
34798.896260
34423.657329
34029.752894
34044.908387
33939.737477
34016.715309
34201.428563
34659.263018
34847.256729
35139.262520
35436.440571
36046.445993
36573.272713
36895.122803
37058.170585
37616.614996
38042.023462
38478.220328
38764.560292
39048.700905
39138.167821
38991.624136
38794.133125
39081.595096
39330.311420
39805.466437
39981.553899
40062.711499
40201.011218
40827.576343
41165.656350
41236.577454
41353.325052
41389.301936
41066.499585
41097.645194
40913.962934
44667.739297
44012.622920
43501.438833
42516.688460
41624.336390
41170.994080
41046.777710
41208.423138
41024.186295
40677.631882
40834.899307
40989.636695
40979.139174
41143.174372
41007.450948
40944.717616
40660.862127
40317.089609
39843.854737
39460.046313
39266.200861
39251.781014
39413.164512
39608.576875
39548.316658
39689.657688
39875.892451
40202.709593
40176.691760
40100.617957
40078.508627
40066.536137
40488.581879
40713.156707
40752.047891
40931.190595
40985.666359
40835.512453
40558.779968
40367.413518
40373.682058
40509.558739
40387.182763
40279.243233
40156.100679
40309.719175
39868.048902
39732.630771
39524.685507
39577.737506
39375.038866
39434.063393
39389.862184
39439.737703
39787.142974
39524.213277
39006.018299
38916.689933
38468.753476
38166.531488
37675.102953
37376.183099
36971.985709
36598.617796
36456.604553
36337.311581
36113.414629
35938.241937
35931.490624
35685.841583
35472.220092
35478.405166
35224.971182
35003.052035
34890.146492
34899.011717
34972.112111
35007.745721
34790.468239
34607.380121
34460.740527
34385.119187
34370.698522
34572.249870
34591.413847
34579.905900
34902.569428
34809.982133
34832.581066
34847.418679
34718.514412
34932.941633
35013.251414
34969.788843
34990.903322
34898.977764
34829.146523
34951.097040
35056.087286
35407.337824
35406.359168
35429.625523
35568.834443
35076.816250
34485.363673
34127.122940
33823.833460
33410.935905
33095.640090
32955.175732
32553.432632
32312.964922
32226.787264
31915.761626
31568.628447
31335.330358
31094.928546
31161.711531
31031.100464
30787.255245
30411.559149
29919.843937
29593.498799
29334.286604
28931.517372
28567.765032
28430.310114
28293.010295
27963.359780
27674.466301
27345.413574
27265.276229
26964.530064
27145.299639
27096.481716
26966.245866
26809.910043
26505.328266
26206.912834
25831.712290
25384.832558
25282.845832
24822.899619
24551.531108
24215.299651
23991.793492
23669.937151
23498.322646
23372.716318
23160.931482
22912.084908
22605.723800
22425.206237
22429.361612
22233.681766
22329.703561
22380.814461
22317.091385
21993.123090
21950.310073
21841.931824
21669.756802
21544.653275
21319.459827
21197.980953
21091.842690
21147.964281
21258.809204
21411.194234
21520.783542
21737.222796
21838.122441
22035.502593
22170.374523
22171.542071
22357.729673
22405.647111
22444.074560
22282.682596
22074.791604
22268.036337
22143.446285
22050.034755
21868.952625
21436.928523
21184.815431
20854.770737
20667.377299
20651.733924
20602.108012
20465.418298
20427.135618
20127.069033
19751.107738
19596.364116
19591.573361
19406.245674
19193.764763
19023.347113
21745.340541
21378.136259
21639.441211
21301.171111
21019.155693
20875.390065
20790.914680
20671.470906
20746.360106
20831.140140
20815.716466
20559.154173
20557.972935
20356.211543
20263.377436
20182.808564
20177.436764
20320.619827
20577.580993
20787.196061
20520.451944
20730.582288
20817.115919
20546.220907
20460.129470
21050.209271
21366.851748
21461.732690
21607.332330
21918.742184
21714.907036
21686.247959
21504.319874
21480.860743
21271.688295
21199.217605
21160.982215
21110.693889
21226.065077
21104.659862
21209.799418
21159.431016
21057.981034
21172.729041
21154.174942
20787.674038
20416.451120
20182.985427
19774.353803
19496.236112
19083.063522
18585.608386
18137.049535
17870.436274
17749.483088
17663.844227
17575.871624
17718.905494
17661.179827
17672.450247
17523.812049
17622.409681
17585.340178
17658.320228
17499.004216
17495.159888
17389.378364
17257.732975
17272.728679
17424.911853
17444.748614
17484.550399
17676.479741
17841.738107
17808.325712
18007.783936
18095.304543
18105.096179
18176.766860
18220.116752
18374.118758
18473.224585
18606.967277
18614.893423
18768.693850
18769.161118
18755.181494
18906.951831
19190.502278
19154.165400
19207.033600
19245.579959
19264.979393
19448.075521
19499.522726
19676.264236
19516.462789
19447.176905
19272.543550
19275.030098
19502.145259
19499.383095
19408.108057
19301.624223
19314.668502
19368.766450
19434.892833
19505.414858
19716.383331
19893.222988
19662.153995
19368.865903
19368.975549
19343.201282
19347.786316
19262.867588
19020.986954
18829.925841
18614.837393
18542.962190
18483.543492
18343.256513
18179.387805
17966.496846
17789.434749
17642.700267
17363.906430
17195.428755
17233.057318
17471.224060
17425.764817
17517.507949
17617.287454
17622.787787
17500.832711
17538.614605
17624.389757
17784.640857
17653.651952
17606.985041
17725.475004
17863.989489
18002.515505
18162.507377
18148.017302
18590.918398
18799.635223
19013.100521
19335.327848
19646.851651
19836.356128
19979.903027
20281.307876
20465.842482
20711.264083
21179.108722
21490.325835
21675.205622
21628.264949
21569.396799
21683.617155
21715.973552
21729.649385
21861.853190
21569.042883
21419.888778
21139.055124
21040.863152
20784.674896
20772.590171
20669.384192
20802.934590
21095.038841
21696.451605
22487.856476
23186.702868
23342.195175
23362.532475
23066.421538
23140.167128
23022.821516
23131.303970
23109.950536
23793.802029
24071.217810
24339.072606
24589.267995
24588.173223
24258.882209
24079.357706
23881.927076
23710.132683
23840.786833
23949.727883
23932.947371
24264.570591
24386.451865
25080.199860
25519.221240
25848.366060
30698.896777
30906.767624
31007.844929
31059.362487
31032.951225
30738.358566
30679.852402
30097.828410
29642.560519
29110.444257
28835.616162
28208.462805
28011.651429
27695.861015
27386.620905
27132.772213
27261.533602
27113.649079
27240.429370
27321.121627
27600.230252
27616.454033
27886.141136
27984.324275
27813.390414
27564.728736
27276.994260
27053.854351
26823.612614
26498.235905
26555.708423
26123.691630
25658.244303
25531.473264
25577.727052
25792.683837
25709.681018
25805.534222
25682.198687
25399.092674
25156.765491
25200.072315
25394.370660
25305.491343
25227.793246
25157.238878
25140.196542
25132.872989
24833.448948
24547.635324
24470.614342
24457.177742
24635.777679
24771.412324
24884.469159
24679.943740
24679.523024
24369.707657
24163.339921
23757.929788
23527.711730
23215.455555
23221.718072
23028.671384
22768.480952
22544.405924
22247.781706
22019.980856
22364.464166
22407.233115
22248.255773
22120.458670
22063.922011
21880.200421
22004.045301
22088.286174
21754.875787
21706.967291
21747.328731
21653.111314
21451.114572
21478.817667
21622.641489
21886.281964
22339.054140
22465.023002
22632.034597
22564.715220
22682.797106
22788.174898
22816.836741
22898.947845
23325.784767
23378.275920
23492.142517
23367.139312
23644.923523
23781.928327
24044.553480
23924.392472
23853.580692
23742.611461
23573.982849
23509.613118
23434.689325
23210.550937
23027.909665
22768.482809
22535.893963
22184.785539
21897.852145
21538.575224
21061.395482
20670.129629
20582.729030
20274.157285
19966.327852
19693.215381
19458.660494
19415.174528
19583.772665
19719.544816
19640.308751
19372.018804
19392.574727
19268.130304
19216.194377
19052.070933
18751.796798
18444.897154
18261.973865
18007.941838
17781.599648
17423.366725
17163.688585
17002.959057
16666.179732
16307.957020
16079.692502
15845.476505
15597.720326
15521.140192
15317.047889
15106.426867
14810.991798
14644.861816
14584.128529
14521.926024
14399.057174
14399.708237
14614.295374
14715.811978
14662.339026
14467.908349
14189.807049
14161.159834
14012.427333
13862.092241
13652.266060
13389.127267
13155.733648
12925.845005
12710.576284
12596.074921
12484.412352
12560.156440
12608.242736
12543.810991
12436.400834
12317.988635
12506.516654
12555.053567
12608.159712
12611.724275
12542.204728
12508.031747
12594.038002
12568.292965
12636.764591
12631.557734
12800.387691
12913.552620
12959.549499
13220.454377
13254.121854
13359.349095
13440.052228
13444.849617
13560.705175
13434.136583
13543.551322
13463.342384
13437.610559
13289.604541
13354.089019
13353.784568
13247.114948
13278.939593
13381.890652
13355.349061
15112.224745
15163.515469
15276.990676
15479.909769
15738.271143
16112.404645
16679.721668
17035.088526
17460.808609
18043.379943
18229.148201
18545.796673
18724.765663
18908.511694
18826.482188
18863.789451
18538.956841
18626.295273
18801.396196
19087.867563
19266.152616
19564.746946
19709.423324
19966.454119
19930.147099
20042.326019
20285.417561
20472.068251
20443.680525
20344.214146
20233.619125
20294.742090
20040.424594
19931.407285
19709.099666
19557.801546
19382.476174
19448.058248
19792.082786
19923.388451
20119.132754
20240.313371
20416.823193
20711.825170
21157.214304
21641.439863
21742.112968
21559.034771
21860.996758
21985.331234
22240.092123
22356.891438
22392.035102
22334.100013
22470.547954
22161.248007
22002.601293
21975.079072
21806.889824
21925.553176
21997.342184
22227.341741
22450.664850
22582.551215
22755.972674
22973.515217
22955.223770
23145.831209
23013.731805
22662.049137
22723.123150
22448.853267
22226.500800
22131.881642
21949.856188
21949.622202
21867.964621
21607.095802
21327.811600
20992.895530
20593.372322
20255.480176
19865.757148
19506.508506
19102.481120
18856.106084
18550.602740
18457.123584
18192.581130
18115.610897
18215.991137
18417.101384
18648.269844
19031.409293
18998.152554
19035.017475
19027.764641
19129.725428
18958.827392
18962.803669
18957.753682
19129.595410
19107.805835
18970.246916
18722.263982
18684.084116
18625.507361
18639.141797
18383.761178
18342.820178
18510.816424
18698.126583
18946.686921
19246.070222
19430.441220
19562.021120
19640.104378
20059.565826
20380.293417
20586.874824
20821.738926
21146.275509
21403.722518
21749.128549
21768.554475
22162.864006
22486.160021
22780.161824
22746.424321
22676.330556
22505.714028
22885.098915
23247.691028
23243.165300
23255.226643
23370.810409
23531.971849
24067.102669
24462.473025
24840.686629
25241.060141
25460.677722
25788.345797
26254.634389
26444.683062
26573.197928
26749.051757
27011.187405
27084.333917
27377.050554
27481.221556
27590.313419
27445.358533
27145.247469
26883.981174
26689.272311
26627.526343
26516.502967
26432.022917
26324.002163
26305.507937
26163.997246
26310.424835
26241.503593
26144.549982
25921.008757
25553.358320
25859.494325
25821.311766
25852.771668
25770.270339
25741.156822
25488.298981
25280.374228
25048.700615
24758.724408
24557.529364
24422.127405
24301.617113
24159.826454
23993.144935
23874.522982
23625.047814
23421.893462
23245.700750
23282.278458
23174.980221
23358.733171
23744.369061
24019.613353
23933.875823
24247.338894
24357.046459
24610.805901
24715.524430
24779.658012
24767.337857
24819.888611
24599.454965
28680.835158
28394.891439
28167.868436
28627.373053
28446.698518
28007.916533
28163.689334
27689.046044
27363.244722
26817.051113
26321.708362
25988.481767
25683.210620
25468.932442
25377.634839
25363.051137
25277.698580
25066.915612
25251.079635
25270.188398
25345.953488
25517.432284
25787.172435
25861.335382
25775.331358
25488.819692
25525.076746
25745.689576
25784.271764
25749.611117
25898.346247
25920.703445
26005.268272
26197.844074
26549.944028
26754.066434
26884.892524
27036.259663
27091.681974
27273.188071
27412.218863
27750.482430
28110.762230
28654.208432
28726.545070
29009.166836
29610.351631
29747.892873
29919.278622
30109.522534
30221.850329
30733.051930
31237.328745
31702.187798
31975.356840
32194.114488
32455.863665
32580.803815
32650.018527
32551.435247
32584.592897
32488.873056
32595.154893
32797.569698
32998.797095
33111.480770
33206.232221
33344.363748
33706.471050
34060.378870
33848.469731
34095.728597
34469.091187
34514.334667
34793.276757
35637.961939
36457.377567
36522.245944
36853.247372
37204.322258
37379.357126
37789.620642
37819.559218
37626.440081
37251.271018
37162.295702
36671.286799
36532.859714
36545.463787
36711.994520
36804.555578
36728.206230
36647.129252
36767.984554
37062.393170
37761.500962
37786.637679
37673.741089
37996.481486
38202.947607
38251.545325
38294.544529
38273.232989
38701.339967
38551.421988
38631.427360
38403.432462
38643.249074
38563.863091
38834.748368
38749.301146
38696.883147
38816.223304
38676.557236
38412.560747
38090.066043
37899.723525
37685.051075
37592.602442
37195.697810
36626.905077
36442.877470
36329.274773
36607.846328
36566.889306
36721.713468
36376.141520
36309.389346
36000.229683
36053.214277
35766.522191
35772.619611
35526.231767
34955.053512
34511.061621
34234.018344
34028.925270
33932.302536
33392.146233
33269.338921
33318.648445
33360.661121
33541.467281
34131.362544
34037.221868
34086.964696
33906.949795
33897.970932
33849.405719
33974.006021
34229.431211
34507.708670
34815.209511
35352.676486
35194.336779
35279.835627
35285.275218
35441.705575
35422.028139
35348.514967
35103.885298
34871.024366
35161.041775
35493.934784
35614.618437
35844.958104
35794.106277
35907.169591
35752.677778
35724.392908
35427.028165
35297.496365
35051.633311
34934.310469
34630.226318
34717.656179
34818.836115
34936.286466
35013.095672
35004.142849
35094.355315
35051.849314
34897.115671
34893.636358
34717.597678
34470.490343
34100.283473
33712.939887
33669.343873
33498.484523
33167.634807
32852.856988
32550.551393
32572.831667
32438.829299
32411.495677
32160.885599
31976.143280
31786.508665
31575.426369
34249.678580
33662.484847
33910.995899
33471.850026
33852.900662
33419.781119
32948.423435
32816.810107
32871.769601
32289.000729
32480.389908
32697.829236
32731.153461
33051.046768
33255.070900
33269.615395
33197.895409
33378.702600
33650.018450
33596.207724
33457.864004
33314.868843
33110.145009
33002.869131
33127.584498
33103.695469
33052.357754
33086.959475
33296.203658
33705.667985
34436.364977
34675.040846
34883.916255
35254.457697
35328.836773
35258.441993
35202.382639
34950.149781
34821.916802
34601.554295
34671.143247
34662.182163
35017.625996
35013.164304
34874.160991
34749.566667
34933.107941
35111.146662
35064.173643
34820.172804
34422.677889
33781.304779
33517.670912
33314.426582
33140.148391
32860.086069
33108.744511
33061.346501
33337.796823
33647.973648
33452.390652
33717.527982
33735.584917
33813.676259
33712.890485
33649.771451
33733.306408
33525.970499
33469.146484
33393.665631
33485.907839
33382.039898
32989.733982
32809.710028
32651.251977
32559.575653
32613.169419
32503.291341
32519.362068
32324.911611
32210.277796
31852.187435
31775.511397
31581.888768
31504.441388
31305.940888
31165.639922
31148.130475
31552.543559
31221.908538
31301.005268
31480.060887
31678.049999
31482.249460
31430.866399
31488.711314
31796.840454
31715.821961
31593.646549
31268.509320
30810.636795
30238.167700
29610.439707
29257.760859
28886.531640
28526.840352
27930.243432
27523.001849
27221.655678
26951.219953
26655.290328
26453.019929
26278.055207
25986.407349
25697.918354
25377.167534
25188.979746
24872.052327
24803.912456
24734.308990
24839.460207
24714.314648
24474.261660
24270.827009
24249.262129
23900.206866
23542.698483
23312.092971
23354.684401
23425.354102
23317.886397
22914.646979
22768.130317
22747.104193
22848.545062
23099.808005
23459.868585
23787.926136
24313.961202
24614.235691
25214.108220
25516.320456
26210.426002
26768.257643
27349.613388
28020.791542
28616.379416
29169.799661
30159.399874
30698.159292
31055.043484
31226.510918
31495.095176
31495.324731
31478.429083
31266.821354
31628.668522
31390.439017
31782.371968
31657.065134
31696.666780
31789.707951
31847.136278
31599.587308
31831.694217
31662.799702
31616.522462
31650.704182
31927.565051
32253.927975
32566.866871
32644.323527
33086.483821
32681.049826
32835.781649
32536.969037
32501.453918
32700.585144
32851.450005
32484.873583
32076.194609
31511.628016
31612.521125
31430.463696
31348.120904
31248.048192
30874.688920
30512.491728
30197.059299
29943.457314
29604.570723
29452.475520
29430.145862
29239.893471
29178.114484
29240.761701
29501.543223
29496.371945
29466.659230
29365.730190
33705.761327
33139.132085
32410.908814
31903.453569
31186.822067
30915.653513
30511.647308
29973.453178
29457.631499
29087.475414
28716.293800
28317.310483
27995.993978
27449.794280
27149.790840
26851.626788
26408.351331
25855.925921
25221.439429
24678.041968
24340.500654
24067.836405
23843.907330
23694.515885
23480.688130
23352.316469
23186.884959
23294.034829
23540.223283
23733.416041
23708.345239
23961.512290
24102.217068
24381.353274
24443.371884
24629.732702
24748.700969
24941.281607
24802.088115
24801.062140
24945.075700
25154.900346
25057.163172
24575.069719
24540.249567
24342.750814
24552.452489
24315.116139
24043.219155
24483.850355
24558.269602
24464.544357
24316.050472
24397.749909
24552.070257
24822.905960
24902.874387
25003.013021
25164.187860
25440.249055
25667.640524
25800.838890
26137.616553
26529.143569
26878.823645
27072.756973
27392.358340
27824.191403
28106.613206
28581.184506
28892.576261
29257.492546
29668.115958
30092.118003
30290.492495
30652.199243
30647.189281
30683.814131
30861.705777
31433.098920
31469.604758
31522.802951
31505.200059
31332.292997
31054.945014
31040.825214
31130.921208
31170.018285
31161.407567
31108.137189
31535.357780
31701.456558
31906.501377
32062.893955
31953.662983
32359.073951
32626.571234
32999.830908
32889.082500
32941.008767
32829.962250
33084.797471
33269.843872
33368.139914
33430.979977
33838.999605
34131.433939
34377.795575
34537.529326
34798.095997
34773.799040
34810.442421
35186.241869
35355.863109
35419.850346
35310.159789
35168.565525
34981.643131
34658.211955
34700.634691
34703.932368
34483.712220
34122.675629
33705.957534
33551.467500
33468.850988
33403.251576
33156.238016
33032.543763
32768.151869
32492.779569
32336.520983
32440.883169
32400.274305
32102.899805
31770.194031
31729.723545
31723.437368
31741.708636
31768.089871
31709.544201
31795.753266
31579.083249
31462.976146
31248.227339
31095.298325
30837.043212
30630.018503
30403.419538
30463.848561
30606.577702
30801.037052
30643.851866
30296.890645
29784.606897
29450.305964
29024.994588
28668.560545
28410.473694
28065.542166
27803.210156
27566.739844
27348.277362
27370.522317
27416.580515
27410.335803
27302.132738
27475.916297
27632.830286
27676.177007
27632.697569
27563.509749
27337.918575
27157.406960
27227.050338
27336.517429
27463.479793
27603.843058
27865.862670
28340.055811
28558.656942
28435.924095
28363.833772
28329.096986
28095.277431
28165.756696
28209.386509
28341.446595
28483.950736
28625.804179
28597.482598
28601.988860
28721.803143
28829.505142
28928.841650
29213.164273
29318.651158
29894.981345
30277.812670
33696.341644
33842.140248
33930.252844
33898.151966
33837.730642
33449.946071
33468.746807
33352.917309
33247.412620
33265.316499
33293.650674
33370.199513
33177.316988
33147.082512
33060.347994
32813.922751
