180204, 1098
180184, 1055
180224, 1098
180210, 1098, 60
180204, 929
180199, 1113
180202, 1219
180260, 1264
180323, 1263, 60
256, 179943, 1030, 63
243, 179993, 1053, 64
228, 180012, 1141
226, 179996, 1135
225, 179950, 1250, 63
216, 179930, 1191, 63
180139, 1133
180107, 1272
180268, 1276
217, 179823, 1318, 80
218, 179720, 1328
218, 179712, 1338
179978, 1318
223, 180006, 1136
180183, 1238
180188, 1237
180384, 1192
180372, 1170
180401, 1170
180364, 1135, 62
180446, 1175, 62
180323, 1140, 62
180281, 1150
208, 180073, 1114
180283, 1110
180250, 1069
180228, 1097, 60
180179, 1047, 90
180237, 933
203, 179934, 957, 104
210, 180044, 957
210, 179953, 969
212, 179963, 1059
204, 179965, 1004
204, 180022, 971
194, 180080, 902
194, 180234, 938
208, 180388, 938
180585, 1028, 102
180676, 992
346, 180652, 1078, 65
297, 180497, 1093, 72
180780, 1133, 116, 80, 60
180874, 1093, 107, 71, 60
289, 180732, 1134, 80
181089, 1134, 80
181085, 1134, 80
181137, 1134, 80
181146, 1131, 81
181051, 1131, 81
180908, 1011, 114
180937, 1011, 119
180968, 1011, 80
181007, 1012
181234, 1012
181131, 1012
180976, 1012
180963, 953
180989, 937
180900, 932
180853, 1008, 75
180710, 931
288, 180456, 969
180643, 1011, 72
282, 180294, 1011, 72
287, 180303, 1054, 80
285, 180209, 1054, 80
284, 180145, 1062, 81
286, 180236, 1062, 81
290, 180328, 1102, 109
285, 180439, 1062, 81
285, 180138, 1062, 81
285, 180136, 1062, 81
283, 180315, 1062, 81
283, 180160, 1070, 81
283, 180215, 1070, 81
283, 180266, 1070, 81
282, 180149, 1070, 81
282, 180051, 1070, 81
284, 179939, 1116, 116
289, 179794, 1070, 81, 176
289, 179951, 1070, 81
289, 180315, 1070, 81
284, 179999, 1116, 116, 242
289, 180085, 1111, 101, 104
287, 180079, 1111, 101, 270
288, 180142, 1111, 101, 160
281, 180201, 1116, 101, 65
276, 180205, 1127, 137
256, 180052, 1090
254, 180117, 1090
248, 180066, 1050
240, 180000, 1038
239, 179795, 1104
238, 179871, 1054, 95
230, 179506, 1121
179672, 1072
233, 179115, 984, 61
179495, 1134
179574, 1165
179721, 1028
179670, 961
179747, 1051, 101
179770, 1051, 97
179715, 1004, 101
179778, 1004
179868, 1009
180058, 1009
180266, 1009
235, 179997, 1118
180198, 1118
180335, 1065
180231, 954
180268, 712
180335, 782
180369, 795, 63
238, 180172, 744, 61, 67
234, 180256, 957
180370, 860
180288, 1077
180326, 1085
180301, 1085, 65, 69
180395, 1077, 64
180383, 1080, 66
180475, 1071, 60, 140, 62
234, 180221, 974, 91
180565, 974, 79, 68
180618, 974, 111
180792, 1065, 65
240, 180434, 1065, 71
180961, 1019, 64
180736, 1019
242, 180378, 1067
180276, 1107
180131, 1092, 63
179966, 933, 62
179989, 961, 111
223, 179472, 963, 79, 98, 88
179504, 963, 108, 84
179359, 960, 130, 85
179253, 899, 283
179621, 962, 60
225, 179519, 995, 98
225, 179560, 952, 67, 98, 94
180184, 958, 62, 98
228, 179915, 958, 97
228, 179964, 958, 97
232, 180135, 1043, 112
230, 180480, 948, 113
264, 180671, 722, 110
261, 180671, 688, 110
262, 180504, 814, 110
180510, 808, 102
180404, 759, 102
180551, 774, 98
180436, 793, 98
180657, 739, 98
180477, 751, 62, 98
180501, 751, 98, 64
311, 180181, 769, 98, 138
315, 180153, 707, 93, 77
315, 180127, 721, 93, 110
326, 180245, 817, 72
326, 180209, 844, 72
326, 180136, 844, 72, 116
347, 180367, 892, 236
351, 180184, 925, 412
352, 180133, 925, 467
350, 180250, 834, 478
347, 180434, 802, 531
343, 181001, 849
347, 180981, 849
354, 180996, 783
353, 181108, 761
353, 181171, 699, 63
355, 181052, 733
181538, 790, 109
181638, 845, 60
181329, 786, 62, 107
181407, 786, 86
384, 181191, 908, 178
381, 181059, 768, 135
382, 181181, 768, 176
384, 181159, 730, 146
384, 181283, 730
384, 181075, 743, 64
388, 181038, 795
181426, 756
181533, 762
181394, 879
376, 181007, 806, 90
371, 180761, 787, 91
371, 180719, 787, 95, 79
374, 180578, 832, 66
373, 180510, 745, 69
373, 180442, 764, 101, 68
367, 180422, 759, 71
369, 180073, 759, 108, 68
180159, 759, 69
180053, 763, 98, 60
179947, 763, 192
179524, 763, 101, 91, 298
264, 179317, 795, 98, 82, 342
267, 179250, 813, 97, 361
266, 179111, 802, 97, 63, 403
266, 178882, 720, 98, 77, 462
266, 178776, 720, 95, 66, 477
178832, 765, 99, 60, 514
178847, 792, 99, 112, 621
178653, 758, 99, 114, 126, 693
178648, 758, 98, 113, 733
178636, 758, 99, 144, 785
262, 179180, 758, 96, 203
262, 179118, 709, 96, 232
262, 179057, 734, 98, 113, 271
262, 178883, 995, 97, 286
267, 178761, 826, 95, 421
262, 178430, 826, 95, 539
262, 178256, 880, 96, 571
261, 178192, 880, 96, 68, 655
261, 178324, 880, 95, 77, 678
260, 178239, 880, 92, 82, 689
258, 178368, 880, 95, 708
178701, 915, 100, 763
179614, 915, 92
179751, 915, 92
179851, 915, 92
179944, 962, 92
179832, 959, 87
179822, 959, 82
179797, 972, 85
244, 179526, 972
247, 179538, 866, 62
246, 179410, 866, 75
246, 179297, 692, 75, 61
179525, 692, 68
179582, 692
179629, 711
179767, 720, 70
179669, 720, 65
179773, 845, 64
179697, 815, 64
244, 179628, 815, 64
244, 179553, 772, 64
244, 179513, 772, 64
244, 179559, 807, 64, 114
244, 179640, 812, 64
244, 179356, 812, 64, 80
179556, 812, 64, 73
244, 179362, 802, 64, 76
244, 179478, 802, 64, 93
179761, 802, 64, 83
179859, 802, 64, 154
179866, 802, 64, 145
179857, 859, 64, 142
244, 179675, 701, 68, 157
318, 179768, 731, 148
318, 179592, 731, 148
179901, 735, 153
179795, 819, 283
179929, 819, 301
179845, 819, 60, 308
179850, 819, 99, 308
179735, 819, 99, 90, 322
179660, 786, 99, 103, 327
179602, 786, 97, 431
179492, 786, 122, 96, 445
179752, 786, 128, 82, 451
179649, 866, 80, 480
179751, 824, 88, 480
294, 179180, 824, 125, 77, 546
305, 179269, 891, 542
179456, 972, 533
179382, 972, 65, 592
179338, 972, 65, 619
179310, 972, 69, 652
179220, 983, 72, 181, 662
179400, 983, 152, 669
179519, 983, 141, 665
179333, 983, 144, 702
179373, 982, 141, 743
179541, 982, 118, 765
179406, 981, 123, 820
179403, 981, 143, 837
179341, 1003, 60, 193, 848
179602, 1003, 861
180497, 1003
180650, 853
180591, 847, 68
225, 180272, 847, 68
221, 180203, 1008, 68
222, 180317, 884, 68, 64
225, 180313, 884, 68, 60
180796, 955, 70, 65, 63
180716, 1017, 66, 80, 95
180687, 1005, 68, 76
180636, 886, 70, 130
180695, 886, 94, 87
180872, 909, 94, 144
181082, 954, 91
181143, 710, 89
181037, 690, 65
180579, 733, 136, 65
180523, 741, 174, 66
180437, 766, 90, 115
180467, 996, 95, 136, 61
180718, 1163, 135
180053, 1006, 135, 60, 647
180630, 978, 131, 68
180748, 943, 130
180680, 983, 131
180531, 983, 142, 61
231, 179977, 1053, 114, 186
228, 179964, 1110, 125, 88
180129, 1112, 140
179827, 1112, 127, 60
179159, 1082, 88, 118
178550, 1073, 118, 61
178178, 1112, 91, 124
178059, 1112, 96, 121
224, 177949, 1162, 96
224, 178035, 1162, 96, 101
224, 178278, 1147, 96
178530, 1141, 66
178838, 990, 66, 100
178701, 1032, 66
179566, 1032, 66
180223, 985, 103
180523, 985
180755, 985, 104
180691, 985, 100, 102, 62
180874, 1037, 66, 66
230, 180930, 911, 64
227, 180607, 895, 66, 101
180904, 934, 66, 96
180878, 934, 100, 83
180918, 928, 99, 66, 68
180921, 991, 63
180925, 993
180729, 1117
181545, 1246, 100, 139, 220
181278, 1108, 134, 216
181335, 1054, 133, 216
181424, 1071, 126, 221
181384, 1071, 152, 123, 221
181233, 1071, 106, 127, 223
180978, 1069, 164, 118, 248
181072, 1069, 128, 98, 272
180788, 1069, 209, 94, 271
180598, 1073, 63, 92, 267
180464, 1073, 93, 267
180454, 1153, 95, 265
180500, 1153, 109, 97, 268
180349, 1047, 92, 144, 94, 268
180657, 985, 87, 97, 270
181117, 985, 94, 274
180461, 985, 105, 94, 274
180094, 985, 113, 64, 75, 259
180058, 985, 105, 72, 254
180493, 985, 93, 252
180192, 985, 88, 71, 93, 252
179540, 985, 68, 213, 93, 252
179531, 985, 93, 252
179416, 1039, 97, 252
179115, 1039, 73, 97, 259
178864, 1039, 69, 337
178522, 992, 168, 71, 363
178209, 992, 162, 185, 70, 372
178184, 992, 174, 139, 73, 390
305, 176845, 992, 186, 164, 142, 112, 836, 67, 405
301, 177309, 992, 164, 145, 790, 76, 409
301, 177302, 992, 111, 138, 119, 776, 426
300, 177523, 992, 146, 111, 756, 437
177710, 992, 152, 744, 118, 465
177659, 992, 100, 751, 124, 410
177736, 992, 166, 99, 749, 391
177717, 992, 126, 213, 747, 70, 318
177870, 989, 184, 61, 750, 60, 394
177914, 973, 151, 88, 761, 320
205, 178013, 988, 157, 768, 61, 369
178313, 988, 97, 772, 78, 392
178218, 914, 77, 161, 774, 340
178617, 987, 161, 769, 345
178516, 987, 70, 159, 768, 375, 90
178646, 1010, 166, 775, 69, 356, 90
152, 178472, 1010, 87, 166, 776, 79, 383, 94
142, 178549, 1010, 163, 783, 74, 395, 72
141, 178669, 1010, 166, 788, 84, 370, 70
134, 178486, 999, 78, 94, 789, 74, 355, 74
191, 178731, 1005, 74, 73, 793, 68, 361, 77
190, 178905, 1009, 85, 785, 418, 74
196, 179021, 1009, 801, 448, 71
203, 178936, 1009, 97, 81, 811, 461, 73
212, 179377, 1009, 821, 454, 67
207, 179287, 1014, 836, 62, 489, 77
208, 179252, 1211, 153, 146, 827, 64, 474, 77
208, 179318, 1195, 69, 92, 824, 65, 453, 77
213, 179469, 1265, 68, 808, 447, 76
179826, 1052, 69, 812, 427, 75
223, 179703, 1118, 804, 65, 425, 75
229, 179650, 1144, 174, 811, 446, 75
232, 179697, 1076, 811, 444, 75
232, 179490, 1144, 67, 815, 443, 84
226, 179515, 1129, 114, 815, 65, 454, 84
180014, 1155, 74, 818, 446, 90
179660, 1211, 72, 169, 104, 816, 79, 422, 90
179949, 1110, 79, 185, 75, 816, 424, 85
180102, 1042, 70, 66, 832, 424, 85
242, 179641, 1229, 65, 839, 96, 396, 84
242, 179201, 1222, 61, 838, 432, 75
237, 179061, 1216, 62, 843, 85, 441, 71
230, 179275, 1220, 65, 61, 849, 79, 437, 64
237, 179674, 1226, 63, 849, 435, 60
239, 179701, 1300, 62, 849, 398, 60
239, 179523, 1220, 62, 851, 135, 65, 398, 60
179890, 1290, 67, 64, 859, 88, 395, 64
179877, 1298, 67, 61, 860, 93, 70, 383, 72
179712, 1272, 86, 873, 77, 81, 383, 72
179783, 1274, 95, 110, 897, 77, 89, 372, 64
179744, 1196, 95, 903, 70, 86, 374, 64
242, 179545, 1255, 96, 904, 61, 98, 374, 64
239, 179285, 1012, 94, 904, 68, 96, 362, 64
237, 179207, 1134, 100, 904, 81, 110, 381, 62
243, 179179, 1133, 94, 68, 923, 112, 367, 61
242, 179277, 1133, 85, 942, 92, 400
246, 179309, 1133, 84, 89, 945, 66, 415, 83
247, 179368, 1133, 84, 161, 945, 69, 408, 71
249, 179322, 1172, 88, 190, 946, 415, 65
250, 180326, 1169, 88, 185, 176, 423, 60
349, 180337, 1257, 254, 97, 95, 428, 66
349, 180310, 1255, 174, 96, 417, 97
349, 180410, 1255, 153, 445, 102
356, 180857, 1352, 465, 101
181149, 1256, 105, 465, 99
181166, 1209, 448, 105
181045, 1169, 106, 104, 136, 462, 110
180966, 1208, 98, 61, 455, 104
180964, 1208, 111, 68, 468, 91
180732, 1264, 102, 114, 62, 443, 86
180754, 1264, 110, 443, 77
180777, 1264, 118, 443, 77
180847, 1208, 156, 436, 80
180975, 1208, 111, 436, 71
180689, 1200, 110, 62, 436, 71
180648, 1256, 64, 436, 79
180573, 1256, 115, 436, 79
180623, 1256, 111, 436, 79
180507, 1200, 113, 81, 436, 79
180186, 1200, 152, 120, 436, 79
180010, 1200, 81, 110, 436, 63
179957, 1200, 157, 66, 436, 63
179947, 1200, 93, 436, 66
179968, 1201, 123, 451, 66
179709, 1201, 97, 91, 451, 66
179520, 1252, 62, 102, 104, 146, 451, 70
179404, 1255, 126, 96, 104, 92, 451, 70
179853, 1255, 77, 112, 86, 510
179655, 1200, 120, 145, 446, 61
179697, 1160, 139, 131, 89, 518
178736, 1160, 214, 133, 898, 66, 491
178908, 1160, 162, 126, 898, 81, 491
178903, 1159, 155, 131, 896, 66, 485
178689, 1204, 159, 141, 896, 64, 396
178708, 1254, 166, 127, 877, 63, 398
178639, 1201, 135, 114, 877, 398
178629, 1201, 136, 138, 885, 68, 404
178664, 1151, 90, 130, 143, 864, 70, 395, 63
178469, 1151, 90, 139, 155, 869, 63, 391
178431, 1151, 90, 149, 156, 869, 69, 391
178741, 1193, 90, 145, 862, 66, 374
178558, 1193, 90, 145, 163, 862, 63, 376
177482, 1242, 90, 147, 586, 176, 846, 68, 381
177017, 1242, 148, 527, 177, 835, 78, 66, 394
177073, 1142, 89, 91, 409, 195, 824, 81, 99, 291, 97
177372, 1188, 93, 375, 195, 827, 101, 65, 279, 86
177249, 1188, 93, 133, 341, 192, 833, 279, 87
176858, 1179, 92, 99, 263, 198, 269, 839, 294, 89
177163, 822, 131, 185, 834, 64, 276, 97
177234, 822, 134, 131, 834, 103, 63, 248, 96
176624, 782, 98, 73, 113, 447, 219, 822, 102, 63, 246, 113
176954, 879, 123, 60, 419, 189, 800, 101, 67, 288, 122
177186, 787, 116, 312, 156, 783, 60, 221, 118
176915, 880, 116, 305, 137, 790, 109, 63, 210, 120
176949, 887, 104, 114, 290, 115, 782, 62, 210, 123
176949, 880, 103, 119, 258, 65, 810, 60, 60, 198, 128
177100, 939, 101, 115, 197, 800, 79, 209, 128
177121, 939, 100, 108, 67, 189, 800, 74, 209, 128
177238, 938, 111, 125, 87, 179, 795, 61, 215, 128
177073, 868, 110, 106, 154, 156, 791, 65, 220, 134
177255, 808, 106, 99, 152, 95, 790, 64, 210, 130
177463, 893, 113, 102, 151, 94, 788, 62, 220, 135
177588, 893, 102, 150, 96, 794, 220, 135
177385, 880, 92, 146, 111, 798, 220, 135
177404, 886, 87, 119, 114, 799, 64, 212, 121
177434, 886, 98, 118, 106, 812, 61, 212, 121
177544, 945, 93, 105, 101, 817, 208, 123
177850, 945, 92, 98, 101, 818, 205, 123
178699, 886, 97, 75, 104, 199, 123
178518, 886, 96, 115, 74, 101, 62, 199, 123
178860, 880, 93, 72, 103, 60, 209, 123
178857, 880, 72, 106, 199, 121
178765, 880, 96, 70, 100, 223, 114
178577, 940, 96, 95, 69, 98, 259, 98
178645, 940, 105, 69, 94, 367
178547, 940, 95, 64, 98, 306, 83
178419, 940, 96, 62, 89, 397
178395, 940, 93, 61, 93, 417
178327, 940, 93, 68, 63, 71, 412
178330, 997, 112, 69, 63, 70, 436
178352, 995, 80, 74, 60, 68, 465
178428, 993, 81, 68, 66, 468
178412, 993, 77, 68, 64, 480
178594, 960, 69, 61, 488
178396, 960, 84, 82, 63, 489
178451, 934, 67, 92, 65, 484
178446, 946, 113, 87, 463
178260, 953, 105, 87, 87, 433
177936, 967, 222, 87, 325, 66
177537, 1063, 80, 181, 99, 115, 97, 318
177756, 1109, 70, 91, 174, 100, 311
177767, 1090, 76, 112, 196, 100, 61, 293
177426, 1090, 76, 136, 174, 111, 72, 361, 289
177456, 977, 71, 157, 107, 84, 315, 290
177504, 977, 161, 128, 87, 247, 303
177737, 923, 129, 131, 90, 190, 313
177616, 923, 94, 99, 105, 107, 192, 68, 328
177545, 923, 86, 95, 73, 110, 117, 192, 336
177359, 923, 62, 112, 118, 185, 64, 322
177150, 923, 88, 97, 107, 117, 91, 63, 323
177157, 975, 90, 94, 131, 80, 182, 74, 348
176760, 1048, 96, 90, 64, 293, 87, 189, 66, 357
177309, 1048, 93, 74, 76, 199, 71, 386
177593, 1004, 87, 76, 208, 74, 387
177469, 1004, 83, 89, 61, 213, 394
177596, 998, 83, 83, 228, 403
177346, 957, 83, 363, 245, 463
176891, 995, 90, 382, 241, 495
176771, 995, 93, 391, 263, 69, 515
177147, 866, 77, 269, 511
177262, 955, 68, 294, 495
177403, 923, 85, 330, 488
177559, 923, 90, 135, 385, 501
177075, 995, 85, 109, 397, 372, 61, 515
177113, 913, 91, 421, 377, 67, 526
177646, 906, 77, 444, 67, 535
177749, 859, 69, 509, 65, 74, 551
177936, 859, 77, 519, 64, 72, 552
177625, 1106, 528, 80, 69, 533
177814, 978, 589, 114, 63, 520
177465, 886, 80, 621, 115, 69, 70, 531
177459, 976, 77, 714, 117, 71, 520
177475, 1018, 87, 741, 118, 65, 526
176657, 1018, 95, 838, 118, 730, 63, 522
176205, 1096, 84, 865, 116, 68, 701, 67, 528
176416, 1056, 896, 120, 68, 708, 63, 534
176315, 1056, 93, 917, 123, 72, 680, 66, 531
176388, 1001, 87, 946, 79, 628, 66, 489
176371, 1001, 83, 956, 101, 618, 67, 464
177333, 1058, 78, 607, 100, 65, 432
177018, 1058, 88, 205, 602, 112, 76, 376
175294, 1045, 84, 1649, 218, 159, 548, 72, 360
175631, 1045, 88, 1690, 227, 495, 62, 330
175624, 1080, 79, 1702, 264, 476, 284
175921, 1025, 1811, 468, 266
175783, 1028, 94, 1818, 461, 253
175745, 1080, 74, 1849, 423, 94, 234
175908, 1028, 1920, 423, 232
177362, 1028, 78, 403, 631, 237
177668, 962, 89, 388, 472, 244
177579, 918, 76, 364, 457, 73, 231
177608, 1007, 347, 454, 235
177724, 1007, 329, 441, 66, 227
177732, 1098, 83, 315, 418, 62, 212
177672, 1089, 94, 124, 263, 391, 60, 205
177864, 1089, 77, 88, 208, 386, 70, 204
177971, 1095, 141, 190, 353, 67, 203
178041, 1079, 74, 164, 319, 60, 210
177976, 1000, 70, 70, 72, 313, 67, 208
178467, 1000, 100, 65, 72, 206
178700, 1000, 193
178850, 901, 191
178656, 987, 62, 189
178755, 985, 183
178595, 1043, 233, 64, 184
178688, 1095, 66, 77, 172, 61, 180
178680, 1039, 75, 94, 226, 182
179068, 1095, 72, 102, 133, 203, 186
178788, 1095, 81, 104, 79, 158, 216, 179
179194, 1095, 105, 221, 78, 181
178905, 1080, 87, 103, 259, 174
178939, 1090, 102, 284, 60, 160
178485, 1116, 91, 103, 276, 70, 179
178819, 1109, 91, 96, 272, 63, 165
178408, 1109, 84, 98, 82, 289, 69, 134
178443, 1184, 97, 299, 68, 118
178256, 1184, 78, 84, 287, 106
178297, 1184, 73, 280, 108
178358, 931, 348, 99
178106, 986, 102, 354, 101
178424, 931, 102, 324, 76, 131, 106
178590, 931, 96, 325, 68, 109
178250, 905, 99, 96, 75, 326, 106
178154, 920, 127, 327, 102
177782, 840, 77, 154, 327, 99
176955, 903, 68, 90, 329, 126
176568, 901, 83, 177, 124, 81, 324, 125
176476, 950, 78, 321, 70, 109
176546, 949, 76, 77, 373, 103, 95
176936, 863, 94, 77, 385, 103, 84
176875, 869, 91, 64, 409, 64, 101, 79
177368, 824, 94, 67, 399, 99
177379, 817, 96, 70, 364, 69
177343, 785, 91, 64, 320, 64, 98
177322, 785, 83, 64, 360, 64, 70
177367, 774, 92, 347, 68
177417, 785, 352
177267, 888, 96, 63, 360
177050, 875, 107, 60, 355
177059, 922, 348, 65
176613, 963, 105, 78, 367, 87
176504, 918, 100, 362, 87
176574, 898, 100, 62, 350
177437, 898, 90, 339, 64
177820, 812, 104, 354, 65
177860, 812, 103, 77, 343
178006, 812, 83, 72, 344
177931, 858, 68, 331, 60, 151
177918, 899, 76, 75, 60, 331, 166
177775, 899, 84, 344, 69, 174
177599, 946, 88, 118, 360, 65, 167
177445, 946, 99, 130, 342, 63, 167
177519, 990, 80, 116, 115, 328, 70, 172
177511, 946, 89, 118, 123, 320, 83, 166
177479, 864, 105, 114, 123, 321, 168
177530, 864, 89, 118, 114, 330, 74, 168
177712, 864, 95, 131, 113, 315, 169
177688, 855, 103, 124, 105, 335, 87, 169
177857, 887, 130, 105, 339, 76, 163
177997, 1073, 135, 331, 157
183, 178125, 1170, 74, 375, 66, 111, 83
184, 177481, 1180, 104, 77, 398, 62, 112, 83
177893, 1171, 418, 62, 110, 74
177461, 1148, 94, 99, 499, 114, 80
177559, 1104, 88, 96, 521, 108, 70
177763, 1148, 86, 522, 96, 70
177807, 1103, 92, 530, 109, 70
177749, 1267, 106, 97, 118, 540, 113, 70
177840, 1246, 112, 96, 601, 113, 70
177662, 1245, 109, 95, 73, 632, 132, 70
177516, 1224, 102, 92, 134, 707, 124, 73
177783, 1197, 107, 84, 724, 134, 70
177679, 1198, 82, 84, 750, 64, 100, 154, 73
177560, 1281, 89, 121, 788, 61, 154, 86
177384, 1281, 101, 125, 121, 849, 152, 87
177387, 1327, 93, 96, 98, 878, 140, 72
177604, 1267, 105, 90, 75, 896, 69, 129, 60
177396, 1247, 97, 900, 68, 91, 128, 82
177325, 1245, 90, 917, 68, 86, 114, 69
177366, 1245, 978, 68, 60, 114, 81
178585, 1059, 67, 79, 114, 78
163, 178402, 1141, 69, 111, 77
178332, 1055, 95, 61, 60, 100, 64
178501, 1061, 85, 69, 99, 72
177626, 1037, 95, 975, 67, 63
177713, 1037, 88, 983, 69, 67
177573, 1019, 981, 68, 70, 66
177624, 1153, 65, 984, 68, 63, 60
177829, 1104, 986, 68, 63
153, 177828, 1104, 988, 70, 61, 65
155, 177416, 1104, 102, 118, 1012, 73
154, 177645, 1104, 1000, 79
126, 177496, 1104, 92, 991, 81, 61
126, 177096, 1213, 62, 82, 73, 1027, 85, 62, 74
122, 176915, 1221, 101, 1021, 89, 95
123, 177367, 1214, 95, 82, 1006, 88, 97
121, 177798, 1154, 66, 1015, 87, 60, 111
115, 177712, 1156, 1011, 85, 112, 95
115, 177567, 1071, 77, 1002, 84, 135
115, 177836, 978, 68, 1004, 83, 63, 149, 65
73, 177786, 942, 174, 1005, 83, 155
73, 177599, 942, 167, 1018, 80, 65, 149
114, 177483, 977, 158, 65, 90, 1000, 83, 64, 149
109, 177156, 1032, 158, 72, 1014, 86, 61, 148
115, 177190, 1077, 73, 94, 1032, 88, 142
120, 176928, 1126, 68, 148, 1022, 85, 141
113, 176780, 1073, 68, 193, 1019, 85, 93, 134
104, 177126, 971, 67, 1024, 98, 71, 134
108, 176962, 1193, 69, 1017, 83, 195, 77, 138
108, 177145, 1193, 1025, 84, 177, 64, 122
102, 177040, 1176, 165, 1023, 82, 162, 64, 114
111, 176952, 1158, 148, 1016, 82, 167, 61, 114
114, 176906, 1186, 141, 108, 89, 1016, 82, 169, 62, 61, 114
112, 176978, 1190, 133, 82, 1014, 85, 155, 70, 112
111, 176613, 1254, 94, 98, 75, 1005, 85, 162, 66, 111
106, 177067, 1263, 86, 75, 999, 82, 175, 69, 110
104, 177178, 1263, 87, 994, 82, 190, 70, 104
102, 177259, 1053, 994, 84, 203, 89, 104
95, 177050, 1053, 111, 64, 998, 86, 234, 97, 65, 109
100, 177331, 1103, 101, 997, 87, 217, 105, 109
95, 177764, 1059, 989, 88, 83, 75, 119
75, 177576, 1035, 66, 979, 90, 61, 225, 96, 119
71, 178002, 947, 67, 87, 953, 66, 117
71, 177999, 1003, 124, 1012, 69, 117
71, 177847, 1157, 119, 1008, 195, 61, 117
71, 177672, 1102, 156, 1047, 162, 63, 109
67, 177280, 1065, 75, 168, 1063, 147, 109
78, 176989, 1191, 107, 186, 1096, 147, 68, 111
74, 177154, 1174, 198, 1054, 172, 65, 111
77, 177067, 1174, 1372, 199, 111
68, 176269, 1065, 932, 1399, 60, 120
66, 177434, 987, 1373, 129
66, 177176, 1043, 62, 1388, 87, 129
176962, 1001, 65, 1374, 188, 87, 129
176637, 1114, 106, 67, 1412, 190, 88, 62, 130
175759, 1061, 98, 69, 860, 1635, 84, 62, 120
175804, 1061, 106, 66, 925, 1358, 164, 84, 122
176875, 1061, 82, 1400, 150, 94, 122
176821, 1122, 1421, 150, 80, 122
175983, 1122, 70, 888, 1432, 162, 81, 122
175912, 1122, 70, 996, 1376, 172, 85, 122
177037, 1073, 69, 1452, 170, 83, 122
176886, 1073, 67, 1491, 177, 81, 132
176833, 1073, 70, 90, 1591, 163, 81, 76, 132
176953, 1073, 70, 1623, 166, 74, 69, 132
176722, 1117, 78, 94, 1805, 75, 62, 127
176657, 1123, 75, 87, 1820, 74, 62, 125
176942, 1186, 109, 70, 1820, 74, 109
176960, 1186, 100, 70, 1839, 74, 109
177039, 1186, 70, 1836, 74, 109
176969, 1186, 70, 1838, 76, 125
178587, 1040, 108, 64, 84, 64, 125
178830, 1231, 207, 101, 127
177274, 1322, 214, 100, 1604, 127
178832, 1307, 217, 66, 61, 127
178866, 1307, 214, 78, 127
178941, 1307, 231, 81, 127
176992, 1391, 294, 1896, 85, 73, 129
178785, 1406, 295, 75, 129
178685, 1406, 334, 84, 129
177171, 1367, 330, 1668, 81, 74, 129
177248, 1367, 329, 1670, 73, 129
176843, 1367, 334, 1636, 149, 78, 63, 129
176869, 1367, 336, 1641, 142, 83, 129
176732, 1367, 340, 1633, 199, 79, 129
176785, 1340, 361, 1662, 222, 129
377, 176732, 1250, 1660, 223, 78, 129
386, 176793, 1233, 1674, 212, 75, 129
386, 176656, 1233, 64, 80, 349, 1672, 180, 63, 129
391, 176656, 1233, 64, 110, 364, 1653, 169, 64, 129
395, 176655, 1167, 193, 308, 1656, 177, 129
390, 176772, 1168, 108, 299, 1652, 184, 129
393, 176696, 997, 114, 258, 1629, 211, 62, 129
392, 177067, 997, 295, 1639, 129
393, 176892, 1127, 290, 1644, 60, 67, 129
394, 177056, 1127, 294, 1632, 129
395, 177135, 1128, 315, 1631, 129
394, 177058, 1140, 327, 68, 1643, 129
397, 176847, 1140, 331, 68, 1662, 129
391, 176669, 1269, 335, 79, 1629, 129
397, 177058, 1102, 127, 83, 1636, 129
177564, 1136, 84, 1650, 129
177578, 1257, 80, 1656, 66, 129
177519, 1210, 69, 75, 1653, 62, 129
177472, 1101, 70, 74, 1650, 64, 129
408, 176942, 1139, 78, 87, 76, 1659, 61, 62, 129
408, 177120, 985, 70, 71, 1665, 61, 66, 129
411, 176954, 1152, 62, 74, 73, 1652, 63, 129
177356, 1152, 62, 75, 1648, 63, 96, 83, 129
177464, 1189, 71, 90, 68, 1632, 63, 129
177421, 1193, 75, 86, 72, 1635, 61, 129
416, 177039, 1186, 63, 99, 83, 73, 1643, 63, 75, 127
418, 177252, 1078, 111, 61, 68, 1631, 63, 127
418, 177068, 1079, 113, 60, 96, 72, 1611, 60, 127
415, 176925, 1079, 114, 62, 72, 1644, 74, 127
415, 176952, 995, 113, 69, 65, 1662, 100, 61, 73, 127
415, 176947, 1023, 112, 72, 67, 1656, 98, 61, 80, 127
415, 177044, 1023, 71, 116, 66, 1632, 61, 71, 127
412, 176880, 1024, 79, 107, 75, 63, 1626, 61, 78, 124
412, 176901, 1024, 81, 105, 63, 1618, 79, 124
412, 176774, 1024, 86, 105, 70, 1626, 105, 61, 124
413, 176701, 1024, 86, 125, 1624, 103, 63, 124
176874, 1074, 67, 104, 124, 63, 1689, 63, 78, 112
346, 176564, 1157, 74, 96, 119, 1674, 63, 61, 119
354, 176942, 1185, 84, 1691, 65, 66, 125
354, 176804, 1137, 72, 1667, 63, 125
357, 176871, 1081, 79, 1582, 60, 132
401, 176856, 1081, 87, 1546, 60, 123
176869, 1129, 94, 95, 1540, 65, 126
176681, 1129, 92, 73, 87, 1527, 102, 61, 121
177022, 1143, 98, 1529, 135
176761, 1143, 86, 70, 1533, 117
176825, 1178, 83, 1537, 159
176821, 1178, 102, 1533, 166
366, 176377, 1084, 97, 1530, 156
364, 176489, 1084, 84, 1530, 156
358, 176475, 1089, 107, 1553, 158
362, 176175, 1089, 72, 94, 1546, 68, 153
175407, 1143, 63, 1033, 1581, 83, 153
252, 176302, 1142, 93, 1641, 67, 153
251, 176268, 1137, 97, 94, 87, 1621, 73, 153
176379, 1137, 97, 91, 99, 1611, 82, 70, 153
176665, 1137, 97, 91, 1601, 81, 82, 153
176612, 1127, 97, 86, 1580, 92, 78, 153
175477, 1127, 97, 72, 76, 1033, 1588, 94, 74, 153
175234, 1219, 92, 74, 63, 72, 1033, 1617, 96, 77, 153
175141, 1037, 1027, 1631, 103, 80, 70, 153
175958, 1037, 69, 1670, 102, 73, 74, 153
380, 175644, 1051, 99, 63, 1681, 109, 79, 74, 151
380, 175558, 1067, 1686, 105, 85, 86, 151
176194, 977, 1690, 94, 104, 128, 167
176207, 977, 1688, 109, 142, 167
176838, 1022, 1713, 84, 167
176896, 1022, 1771, 167
176781, 1013, 1794, 166
176566, 1173, 103, 1919, 162
176750, 1342, 67, 131, 1895, 162
176634, 1374, 60, 91, 113, 1914, 162
176588, 1347, 93, 100, 1965, 170
176461, 1069, 85, 95, 99, 1993, 170
176392, 1057, 87, 95, 83, 2029, 169
386, 175919, 1102, 79, 2220, 164
384, 175629, 1092, 102, 75, 2266, 172
176061, 1046, 85, 73, 2263, 172
368, 175593, 1052, 88, 2223, 159
369, 175627, 1052, 67, 2212, 124
175455, 1114, 61, 91, 2228, 93
175352, 1107, 82, 2221, 85
174956, 1101, 62, 86, 2338
177527, 1062, 80
364, 176711, 1062, 109, 252
363, 175096, 1062, 126, 2241
365, 175186, 1046, 210, 68, 2086
175660, 1009, 2178
175621, 1053, 2172
177936, 1053, 75
175740, 1053, 70, 110, 2088, 95
175769, 1089, 2123
175829, 1089, 2158
175801, 1093, 114, 2249
176030, 1104, 110, 2271, 60
175949, 1104, 116, 2169
175671, 1072, 116, 84, 2184
178021, 1072, 74, 79
177983, 1072, 66, 94
177803, 1023, 98, 130
177736, 1286, 107, 110
177718, 1184, 119, 122, 119
178106, 1182, 116
178061, 1182, 78, 128, 65
178133, 1229, 122
178424, 1020
178662, 1023
178902, 1023
178927, 1057, 97, 60
178967, 1029, 67, 112, 109, 64, 66
178670, 986, 229, 108, 106, 62
178674, 986, 88, 223, 131, 117
178970, 1007, 127
178832, 959, 132
178732, 961, 134
178759, 959, 141
178267, 1006, 215
177525, 961, 208, 131, 516
177391, 996, 77, 60, 171, 139, 444
177389, 950, 73, 69, 174, 134, 402
177234, 976, 74, 63, 178, 88, 203, 458
177379, 970, 64, 63, 177, 135, 587, 77
176375, 970, 65, 66, 160, 135, 574, 66, 1137
176586, 963, 64, 66, 162, 139, 569, 1073
176616, 911, 66, 116, 140, 496, 1065
176452, 899, 65, 64, 112, 143, 500, 1041
176430, 1158, 76, 64, 109, 131, 292, 64, 998, 63
176709, 1158, 85, 64, 99, 135, 184, 970
176697, 1158, 64, 104, 136, 166, 101, 933, 60
176517, 949, 105, 61, 99, 114, 180, 110, 918
176737, 949, 76, 95, 115, 193, 109, 901
176855, 944, 84, 92, 121, 253, 124, 861
176528, 973, 103, 72, 120, 339, 123, 858
176462, 977, 107, 72, 119, 403, 200, 63, 842
177464, 1071, 66, 98, 65, 855
177348, 1071, 106, 67, 785
177491, 1015, 89, 786
177747, 975, 94, 87, 760
177552, 977, 82, 109, 61, 744
177610, 937, 87, 112, 63, 746
177382, 937, 79, 105, 744
177464, 937, 75, 105, 750
177328, 955, 79, 115, 763
177411, 898, 78, 114, 775
177152, 950, 83, 126, 102, 785
177066, 961, 77, 138, 72, 104, 805
176913, 909, 71, 147, 75, 104, 800
176788, 911, 74, 149, 102, 791
176216, 999, 155, 178, 763
174571, 1061, 145, 1613, 78, 187, 756
175643, 1064, 140, 1549, 199
177509, 1061, 116, 101, 226
177295, 1061, 85, 88, 150, 60, 226
177417, 1063, 88, 119, 145, 64, 250
177470, 1061, 122, 121, 257
177517, 914, 91, 135, 273
177279, 966, 85, 442, 65
175671, 966, 1573, 433, 66
175892, 982, 1568, 433, 61
175688, 1027, 1577, 460
176019, 1029, 1548, 507
175807, 941, 1627, 547
175674, 1144, 1591, 543
175872, 892, 1552, 551
175548, 902, 146, 1556, 64, 638
175678, 894, 154, 98, 1613, 676
175663, 869, 88, 1649, 720
175815, 824, 76, 101, 1730, 709
175445, 786, 92, 2145, 699, 69
177744, 833, 718, 76
177438, 861, 72, 764
177119, 861, 79, 774
177122, 1145, 769
177206, 918, 784
177263, 952, 775, 73
177093, 1078, 67, 758
176942, 1147, 750
177118, 1092, 798
176021, 1071, 814, 60, 1054
177225, 1021, 825, 61
177, 176620, 1067, 855, 176
172, 176690, 1060, 841, 139
175, 174987, 913, 866, 342, 1030, 61
175973, 968, 882, 290, 61
175600, 958, 946, 296
175270, 928, 253, 943, 379, 60
175435, 1020, 213, 969
175455, 1078, 177, 968
175633, 1179, 128, 992
175248, 1154, 123, 1022, 299
175472, 1240, 127, 1072, 291, 73, 94
176738, 1239, 105, 284, 83
145, 176464, 1261, 76, 308
140, 176501, 1064, 335, 78
127, 176917, 993, 466, 366, 183
124, 176724, 1103, 77, 448, 374, 137
124, 173639, 1103, 77, 432, 2435, 71, 374, 137
120, 173665, 1123, 88, 435, 84, 2400, 75, 374, 137
117, 173398, 1023, 421, 128, 2340, 367, 132
118, 172223, 1150, 744, 539, 2308, 352, 120
114, 172101, 953, 91, 60, 706, 593, 2265, 332, 116
114, 172394, 871, 677, 485, 2300, 332, 116
112, 172360, 910, 113, 776, 395, 2301, 354, 121
112, 174574, 862, 110, 869, 379, 317, 127
113, 175624, 786, 372, 319, 129
105, 175340, 942, 104, 83, 338, 99, 71, 310, 128
105, 173647, 949, 106, 344, 2127, 328, 114
105, 173515, 924, 116, 378, 170, 2042, 301, 110
105, 175066, 1045, 153, 123, 385, 66, 313, 111
105, 175537, 1027, 354, 326, 118
104, 175640, 924, 380, 321, 96
103, 173384, 852, 116, 357, 2032, 333, 88
102, 173759, 885, 114, 1940, 360, 109
99, 175648, 794, 109, 331, 103
101, 173701, 704, 109, 1835, 301, 120
97, 173682, 156, 741, 117, 1815, 292, 127
91, 173759, 710, 150, 119, 1736, 292, 127
87, 173896, 946, 1695, 262, 130
87, 173769, 899, 119, 1713, 256, 121
175581, 868, 129, 251, 109
75, 175468, 916, 112, 224, 95
174202, 762, 118, 1541, 242, 97
174175, 745, 117, 1395, 208, 91
174066, 809, 122, 1408, 201, 84
173276, 675, 119, 353, 104, 199, 1409, 147, 77
173446, 718, 89, 107, 294, 209, 1375, 134, 74
173534, 634, 112, 293, 204, 1381, 126, 79
173313, 870, 114, 295, 207, 1388, 142, 83
992, 172069, 842, 98, 108, 121, 207, 1370, 132, 79
1049, 172189, 842, 143, 99, 67, 211, 1378, 127, 70
173360, 858, 64, 108, 106, 60, 234, 1350, 140, 77
905, 171968, 690, 63, 94, 107, 98, 229, 1362, 150, 68
811, 171808, 690, 76, 64, 99, 156, 223, 1346, 163, 74
749, 172094, 688, 65, 84, 67, 122, 60, 95, 235, 1348, 169, 68
692, 171974, 688, 181, 130, 124, 68, 237, 1368, 177
654, 172, 172041, 595, 75, 97, 72, 315, 1315, 197
609, 172203, 596, 67, 75, 61, 1348, 218
68, 172187, 612, 521, 73, 70, 1349, 238
148, 172216, 624, 511, 62, 110, 1315, 262
172044, 657, 507, 75, 69, 68, 1318, 295
171909, 869, 520, 79, 71, 96, 82, 1308, 289
171936, 784, 508, 76, 83, 136, 90, 1343, 63, 241
172045, 815, 524, 96, 75, 130, 1327, 207
171697, 726, 505, 116, 87, 155, 82, 1337, 207
171573, 774, 441, 123, 76, 127, 184, 84, 1274, 213
171621, 796, 361, 130, 61, 125, 232, 83, 1205, 204
171665, 811, 359, 134, 122, 231, 83, 1167, 199
171799, 681, 148, 135, 258, 73, 63, 1172, 195
171933, 674, 110, 292, 80, 1153, 203
172056, 702, 76, 330, 1120, 60, 203
172305, 674, 344, 1026, 203
172066, 581, 403, 873, 202
171781, 706, 424, 67, 758, 203
171703, 770, 82, 432, 67, 700, 214
171686, 727, 89, 458, 69, 693, 206
171485, 680, 118, 489, 781, 202
171275, 526, 111, 504, 157, 748, 65, 205
171492, 538, 120, 540, 734, 197
171478, 707, 119, 575, 711, 102, 195
171177, 770, 137, 572, 149, 683, 90, 190
170933, 687, 139, 132, 582, 619, 86, 185
170826, 677, 155, 113, 618, 620, 61, 164
169846, 725, 177, 756, 642, 629, 83, 149
170046, 727, 222, 594, 662, 641, 140
170588, 717, 334, 439, 659, 144
170824, 686, 345, 679, 78, 145
170715, 653, 479, 681, 88, 145
170976, 656, 106, 272, 70, 687, 141
170604, 680, 263, 726, 304, 146
170810, 591, 186, 746, 279, 146
170920, 583, 125, 753, 272, 146
171604, 545, 139, 266, 148
170789, 734, 166, 296, 477, 163
165235, 722, 5639, 190, 216, 64, 440, 159
165611, 722, 5516, 184, 244, 85, 381, 164
171378, 560, 193, 239, 80, 359, 167
171335, 622, 151, 97, 371, 167
171730, 622, 60, 163, 371, 171
171495, 714, 119, 186, 124, 92, 332, 93, 170
170188, 692, 1554, 333, 136, 308, 171
171343, 569, 462, 132, 99, 317, 92, 82, 165
169844, 554, 1516, 456, 115, 79, 315, 92, 61, 165
171329, 525, 442, 96, 316, 102, 109, 165
171144, 570, 490, 124, 154, 72, 310, 61, 165
171264, 577, 158, 99, 140, 318, 92, 165
169027, 542, 1946, 152, 97, 136, 314, 93, 165
169139, 518, 108, 1930, 138, 102, 147, 323, 90, 165
169170, 523, 168, 1927, 118, 101, 141, 322, 165
298, 170795, 591, 286, 152, 327, 88, 166
421, 170712, 596, 65, 99, 141, 178, 321, 61, 166
491, 170430, 672, 110, 357, 95, 337, 61, 156
537, 170387, 694, 113, 233, 100, 337, 61, 156
170589, 629, 277, 141, 147, 167, 330, 60, 156
170081, 510, 593, 304, 76, 86, 165, 337, 64, 156
170414, 651, 394, 83, 233, 77, 90, 143, 370, 64, 162
170582, 619, 309, 80, 228, 62, 81, 140, 319, 64, 162
171230, 581, 80, 254, 64, 83, 121, 303, 65, 71, 162
1419, 169878, 582, 161, 99, 237, 66, 106, 80, 85, 111, 269, 65, 162
1472, 169904, 582, 171, 65, 96, 187, 102, 76, 79, 144, 153, 68, 162
1565, 169867, 663, 166, 65, 96, 447, 78, 69, 227, 101, 66, 162
1654, 169189, 659, 136, 62, 98, 92, 205, 75, 73, 235, 76, 70, 162
1844, 169206, 660, 136, 63, 86, 103, 198, 62, 71, 209, 64, 162
2278, 168985, 602, 136, 73, 103, 164, 79, 79, 62, 217, 63, 162
177, 2539, 168866, 605, 71, 117, 128, 76, 66, 202, 63, 162
2823, 168746, 574, 172, 60, 112, 102, 217, 69, 64, 241, 63, 163
130, 3092, 168831, 593, 97, 227, 83, 69, 223, 63, 163
3151, 168477, 631, 124, 171, 98, 216, 93, 85, 70, 261, 62, 164
133, 3108, 169045, 619, 159, 203, 232, 109, 82, 70, 63, 178
3024, 168732, 713, 114, 62, 92, 130, 62, 232, 99, 104, 88, 69, 333, 80, 177
2384, 168820, 713, 113, 97, 127, 712, 282, 105, 103, 73, 68, 345, 76, 170
2413, 169263, 697, 251, 153, 80, 798, 290, 111, 104, 72, 61, 76, 170
2497, 168523, 607, 258, 83, 71, 866, 279, 100, 132, 76, 405, 79, 165
170760, 500, 246, 73, 71, 927, 256, 109, 117, 67, 449, 81, 165
170722, 593, 207, 60, 94, 1046, 212, 106, 132, 69, 74, 398, 97, 89, 165
172004, 610, 206, 62, 96, 170, 116, 108, 72, 78, 405, 83, 165
171877, 634, 191, 72, 181, 126, 106, 82, 75, 383, 78, 154
171588, 634, 185, 72, 138, 159, 108, 82, 66, 463, 82, 154
171884, 692, 178, 75, 72, 141, 181, 106, 78, 71, 473, 82, 154
171698, 637, 171, 72, 72, 151, 236, 134, 82, 479, 91, 154
170403, 514, 150, 189, 1178, 298, 136, 79, 68, 471, 92, 149
170258, 720, 108, 192, 1144, 318, 131, 491, 90, 149
170505, 660, 108, 1119, 321, 129, 61, 441, 85, 144
170337, 595, 113, 1127, 380, 135, 69, 415, 94, 138
170106, 594, 1151, 452, 135, 72, 477, 96, 138
168036, 647, 70, 70, 1695, 1149, 493, 134, 581, 96, 144
167892, 647, 71, 70, 1635, 1167, 542, 126, 698, 95, 142
169321, 643, 61, 71, 70, 1197, 1380, 131, 85, 95, 136
170690, 711, 70, 65, 64, 1218, 126, 77, 91, 134
85, 170658, 702, 70, 62, 70, 1277, 125, 83, 92, 133
99, 169174, 705, 60, 80, 1310, 1652, 133, 80, 91, 66, 136
119, 170796, 656, 80, 60, 1331, 128, 76, 90, 140
172242, 606, 63, 66, 126, 85, 93, 142
172342, 593, 61, 93, 122, 90, 90, 137
172448, 593, 69, 124, 89, 67, 91, 115
147, 172304, 648, 80, 60, 70, 124, 65, 102, 115
161, 172208, 557, 84, 126, 97, 71, 108, 114
172096, 590, 73, 123, 113, 72, 112, 61, 106, 108
172342, 590, 62, 119, 101, 106, 123, 111, 97
172524, 590, 114, 81, 254, 101, 95
172337, 650, 122, 81, 235, 102, 101
172190, 650, 69, 127, 97, 206, 102, 100
172399, 650, 74, 120, 93, 132, 97, 104
172343, 650, 68, 115, 101, 231, 93, 78, 98
172477, 582, 71, 119, 90, 65, 147, 93, 92
172762, 651, 117, 88, 263, 91, 98
168, 172390, 663, 74, 116, 88, 247, 60, 90, 93
168, 172207, 700, 75, 115, 79, 242, 72, 81, 92
166, 172268, 660, 115, 89, 234, 72, 83, 133, 103
212, 172061, 654, 64, 107, 82, 233, 86, 82, 87, 103
213, 171957, 654, 68, 107, 100, 234, 81, 83, 73
171, 172136, 669, 109, 96, 250, 82, 83, 74
171, 172244, 654, 108, 98, 257, 85, 80, 80
170, 172255, 701, 109, 94, 253, 83, 94, 99
170, 171713, 685, 68, 111, 90, 242, 82, 99
171, 171746, 641, 114, 105, 231, 80, 108
222, 170812, 608, 61, 710, 113, 90, 225, 80, 100
222, 170786, 563, 586, 113, 91, 165, 82, 97
222, 171221, 564, 77, 593, 110, 159, 83, 94
217, 171205, 575, 78, 90, 582, 108, 88, 236, 75, 94
217, 171158, 699, 78, 565, 108, 88, 239, 76, 89
219, 171173, 605, 91, 559, 116, 83, 226, 71, 103
219, 171275, 650, 87, 117, 568, 89, 229, 78, 98
223, 171260, 713, 87, 569, 114, 92, 236, 81, 111
223, 171411, 708, 86, 561, 113, 91, 71, 166, 81, 111
222, 171426, 695, 96, 113, 568, 91, 76, 168, 85, 122
221, 171416, 614, 78, 61, 116, 569, 79, 242, 84, 129
307, 171218, 639, 119, 558, 87, 246, 84, 129
306, 171216, 639, 63, 119, 557, 78, 242, 84
310, 171240, 812, 113, 539, 69, 228, 78
312, 171455, 778, 117, 556, 225, 86
224, 171324, 60, 706, 86, 106, 557, 99, 231, 61, 107, 85, 65
223, 171363, 765, 83, 78, 552, 118, 109, 229, 62, 78
225, 171158, 827, 85, 98, 558, 110, 240, 110, 62, 82, 61
171506, 750, 76, 551, 104, 240, 106, 62, 82
221, 171309, 897, 128, 71, 545, 269, 101, 62, 81, 60
227, 171003, 916, 129, 66, 75, 568, 94, 267, 103, 62, 256, 82
171155, 906, 66, 136, 75, 561, 101, 93, 172, 100, 62, 252, 79, 82
233, 171280, 898, 62, 61, 80, 556, 100, 99, 186, 105, 79, 71, 239, 79, 79, 65
226, 171570, 844, 83, 102, 543, 99, 79, 187, 106, 80, 76
172064, 860, 137, 94, 541, 94, 109, 63, 84, 72, 239, 70, 60
172357, 943, 87, 539, 89, 63, 167, 84, 65
172726, 1021, 83, 88, 535, 87, 64, 177, 84, 249, 71
173151, 1022, 66, 83, 67, 91, 535, 84, 268, 84, 69
173612, 1115, 128, 121, 88, 520, 91, 276, 84, 68
173917, 1019, 87, 501, 91, 60, 170, 84, 67
173776, 1351, 83, 476, 89, 67, 122, 171, 84, 69, 67
174276, 1202, 123, 81, 444, 96, 277, 195, 84, 75, 66
174537, 1513, 60, 64, 69, 123, 429, 97, 286, 84, 165, 98, 61, 61
175027, 75, 1959, 100, 127, 78, 84, 466, 122, 422, 277, 89, 60, 98, 65, 63
175403, 75, 2328, 100, 99, 113, 544, 125, 399, 103, 303, 81, 90, 65, 63
176543, 71, 2899, 162, 99, 110, 125, 389, 100, 299, 81, 69, 63
181013, 67, 63, 116, 204, 124, 387, 105, 303, 104, 81, 67, 62
183973, 110, 125, 141, 122, 357, 101, 108, 104, 174, 67, 60
184093, 100, 127, 94, 126, 350, 102, 117, 72
183384, 134, 123, 117, 125, 349, 128, 315, 120, 111, 73, 66
183332, 122, 127, 83, 89, 349, 94, 315, 115, 178, 115, 64
183702, 65, 115, 135, 69, 102, 81, 89, 340, 101, 319, 115, 64, 68
184007, 108, 121, 356, 97, 312, 149, 112, 61, 65
184909, 118, 88, 367, 101, 165, 92, 65, 60
185191, 109, 133, 88, 374, 110, 305, 175, 73
185847, 202, 65, 61, 95, 60, 89, 379, 107, 318, 175, 121, 72, 62
186340, 100, 89, 381, 105, 315, 180, 86, 100, 83, 68
186630, 76, 70, 89, 397, 98, 301, 180, 188, 101, 78
186545, 85, 391, 93, 314, 178, 175, 65, 85, 90
185921, 82, 377, 306, 180, 66, 70, 60, 186, 75, 91
183684, 82, 378, 98, 304, 180, 69, 171, 1617, 104, 79
182977, 76, 88, 374, 83, 301, 180, 72, 144, 1670, 107, 82
182779, 91, 82, 381, 310, 82, 186, 61, 64, 134, 1699, 78
182518, 80, 85, 384, 314, 80, 177, 78, 150, 1690, 86
183058, 90, 82, 385, 89, 172, 85, 98, 1691, 79
183715, 81, 361, 87, 177, 109, 1616, 79
183289, 83, 362, 330, 105, 170, 106, 103, 1572, 78
182894, 84, 364, 295, 101, 172, 85, 1584
182758, 84, 362, 100, 282, 167, 78, 1586
182707, 62, 81, 367, 95, 274, 177, 1506, 80
182762, 84, 367, 101, 179, 1472, 60, 100
182053, 80, 369, 80, 178, 1395, 66
182085, 80, 378, 94, 193, 69, 71, 83, 1468, 67
181494, 72, 79, 372, 76, 101, 198, 96, 263, 67, 69, 1521, 89
181304, 87, 143, 183, 74, 372, 71, 198, 190, 240, 67, 64, 1549, 87
180472, 66, 281, 74, 360, 71, 94, 196, 223, 290, 153, 102, 1591
180622, 336, 74, 363, 195, 314, 122, 77, 85, 1591, 60
180037, 349, 73, 363, 79, 201, 343, 138, 86, 87, 1645
179541, 68, 337, 74, 363, 82, 200, 339, 136, 87, 90, 1632, 82
179909, 74, 363, 63, 82, 203, 358, 82, 142, 86, 1646, 78
179515, 383, 74, 360, 63, 94, 208, 403, 133, 82, 1626, 70
103, 179427, 396, 73, 363, 104, 209, 361, 87, 70, 1573, 72
96, 179431, 65, 363, 61, 102, 219, 338, 68, 64, 1631
95, 179060, 67, 359, 61, 83, 219, 308, 67, 62, 1640
95, 178708, 195, 73, 354, 61, 90, 219, 372, 91, 100, 1627
100, 178492, 304, 182, 62, 73, 350, 61, 89, 218, 110, 96, 1672
104, 178676, 271, 149, 147, 74, 340, 61, 108, 218, 101, 76, 1692, 72, 62
110, 178690, 244, 160, 75, 332, 80, 93, 210, 85, 75, 1746, 65
178909, 240, 164, 164, 73, 340, 130, 88, 211, 84, 70, 1695, 60
108, 178027, 234, 153, 401, 433, 110, 73, 345, 130, 213, 77, 1608, 60
206, 178038, 235, 154, 410, 111, 74, 336, 78, 216, 91, 70, 1635
168, 177766, 219, 118, 417, 107, 77, 330, 72, 215, 68, 75, 1642, 105
209, 177720, 165, 103, 424, 103, 71, 335, 66, 98, 221, 135, 66, 1525, 69
178093, 224, 99, 424, 87, 80, 333, 66, 222, 155, 1496, 87, 67
177917, 438, 93, 81, 327, 71, 98, 222, 83, 1514, 87
178190, 453, 89, 79, 326, 72, 100, 218, 124, 1506
178302, 473, 89, 79, 326, 77, 72, 215, 106, 128, 1465, 62
178110, 80, 327, 83, 95, 525, 221, 68, 151, 1479, 61
177636, 62, 440, 85, 326, 77, 86, 218, 243, 83, 77, 1579, 94
317, 178424, 66, 85, 332, 99, 382, 212, 85, 1495
136, 177875, 163, 61, 400, 82, 330, 87, 96, 220, 79, 1484
132, 178033, 194, 400, 82, 324, 87, 90, 222, 69, 1488, 60
337, 177722, 382, 82, 332, 81, 81, 222, 101, 1496
391, 177296, 345, 83, 326, 79, 79, 224, 113, 171, 66, 1499
397, 177716, 345, 83, 325, 79, 80, 223, 99, 146, 60, 1483, 61
413, 177792, 320, 94, 88, 335, 75, 79, 222, 76, 119, 90, 1447, 67
217, 177721, 319, 94, 94, 345, 75, 77, 215, 119, 111, 92, 1451
216, 177719, 277, 77, 94, 343, 74, 76, 214, 165, 104, 83, 1422
177761, 264, 66, 92, 344, 89, 216, 166, 79, 1431
177771, 264, 66, 90, 347, 82, 216, 102, 203, 84, 1598
177826, 250, 66, 92, 362, 83, 210, 105, 118, 215, 71, 1530
177472, 322, 251, 68, 132, 360, 86, 212, 90, 194, 64, 1473
130, 177693, 299, 247, 63, 130, 367, 85, 216, 71, 65, 1460, 60
177705, 222, 231, 137, 368, 79, 231, 65, 1429, 60
177456, 185, 231, 140, 365, 74, 83, 234, 1426, 142
177380, 190, 203, 63, 140, 354, 61, 91, 235, 1530
177603, 196, 207, 140, 375, 84, 109, 236, 1524, 87
177682, 163, 215, 72, 147, 372, 84, 90, 236, 1531
177288, 349, 135, 204, 63, 148, 369, 71, 101, 234, 1580, 96
235, 177129, 341, 147, 84, 207, 140, 373, 524, 80, 238, 1479
177575, 348, 218, 84, 222, 60, 147, 372, 71, 95, 239, 1414, 86
177635, 87, 161, 207, 149, 361, 76, 81, 240, 1578
177346, 92, 114, 207, 371, 158, 84, 88, 245, 103, 1620, 65, 63
177357, 237, 89, 207, 374, 150, 81, 99, 237, 1541, 81
177299, 77, 286, 86, 193, 382, 153, 102, 237, 1585, 136, 77
177244, 410, 66, 61, 193, 389, 151, 102, 91, 75, 234, 1615, 115, 69
177305, 480, 63, 84, 197, 385, 144, 130, 95, 232, 60, 66, 1622, 89
177480, 388, 94, 195, 385, 144, 188, 95, 234, 65, 68, 1601, 83
177473, 334, 92, 195, 387, 155, 172, 95, 75, 234, 77, 98, 68, 1583, 81
177453, 76, 238, 71, 187, 385, 163, 171, 81, 144, 76, 243, 82, 64, 1618, 88
177752, 150, 232, 193, 373, 166, 175, 216, 204, 90, 229, 72, 1572, 86
177747, 85, 247, 79, 191, 377, 166, 117, 227, 76, 235, 61, 1622, 92
177819, 64, 183, 246, 186, 387, 164, 79, 97, 238, 1637, 103
177887, 233, 185, 199, 174, 395, 90, 79, 235, 1643, 90, 107
177954, 187, 170, 212, 191, 354, 63, 61, 87, 79, 231, 1629, 89
178289, 179, 170, 223, 362, 180, 64, 71, 232, 1541, 84, 86
179463, 180, 124, 208, 60, 355, 181, 77, 83, 68, 230, 87, 80
179562, 174, 196, 214, 60, 353, 181, 63, 91, 77, 229, 79, 88, 82
178457, 61, 188, 214, 60, 353, 180, 63, 87, 78, 229, 105, 61, 1547, 86
178149, 172, 224, 60, 61, 346, 179, 74, 64, 105, 89, 231, 430, 109, 1512, 90, 75
177953, 478, 168, 234, 184, 338, 70, 63, 92, 87, 230, 427, 1518, 99
178765, 167, 206, 65, 350, 184, 68, 67, 87, 83, 230, 1503
178725, 171, 235, 346, 181, 70, 73, 105, 230, 1494, 96
178747, 198, 235, 357, 184, 70, 64, 87, 93, 232, 1590
179011, 207, 245, 198, 358, 80, 183, 64, 79, 231, 1623
179075, 206, 221, 199, 344, 79, 67, 81, 236, 84, 1680, 171
180123, 404, 212, 221, 201, 348, 79, 66, 81, 230, 64, 421, 64
179928, 413, 95, 215, 221, 202, 357, 79, 83, 238, 64, 446, 61
179092, 85, 258, 258, 469, 86, 67, 86, 263, 1557, 496, 60, 84, 60
178870, 86, 265, 498, 249, 125, 68, 90, 265, 60, 1221, 486, 91
178741, 75, 252, 252, 552, 237, 88, 261, 1132, 460, 84
179344, 249, 249, 247, 95, 256, 1030, 450
179703, 215, 261, 208, 108, 240, 904, 439, 61, 60
179495, 204, 74, 256, 205, 62, 97, 245, 871, 418, 127, 76
179533, 189, 98, 61, 265, 245, 251, 72, 335, 418, 344, 118, 82, 75
179226, 166, 260, 124, 269, 330, 62, 254, 65, 303, 426, 118, 312, 72
179207, 61, 252, 163, 275, 388, 81, 253, 305, 438, 111, 339, 84
179191, 198, 293, 453, 84, 253, 347, 575, 111, 503, 76
179480, 198, 292, 81, 495, 90, 259, 309, 640, 77
180416, 288, 94, 92, 257, 321, 98, 77, 540
178993, 256, 284, 99, 63, 262, 88, 80, 60, 319, 1414, 80
179477, 253, 295, 98, 261, 84, 81, 362, 145, 84, 572
179725, 309, 229, 305, 100, 60, 287, 78, 108, 65, 73, 462, 77
180112, 276, 326, 96, 65, 306, 89, 60, 98, 455, 73
180377, 290, 320, 84, 78, 313, 81, 63, 110, 61, 65, 473, 77
180117, 307, 233, 324, 61, 77, 316, 81, 67, 66, 491, 77
179810, 228, 333, 69, 310, 85, 77, 65, 546, 71, 207, 89, 67
179884, 227, 339, 68, 331, 63, 87, 560, 634
180782, 112, 347, 62, 90, 330, 81, 94, 573
179990, 100, 304, 363, 71, 98, 329, 80, 101, 572, 64
179985, 80, 288, 364, 64, 352, 80, 61, 100, 567, 72
179569, 89, 294, 366, 256, 66, 343, 83, 65, 96, 543, 69, 106
180289, 86, 290, 259, 64, 349, 86, 62, 113, 560, 64
180443, 282, 201, 372, 114, 553, 88
180431, 89, 63, 277, 185, 374, 81, 115, 548
180602, 102, 60, 287, 162, 390, 80, 63, 60, 113, 585
180510, 131, 61, 289, 146, 86, 399, 90, 60, 60, 117, 601
181197, 121, 300, 77, 413, 83, 64, 120
181431, 66, 317, 489, 81, 127, 64
181047, 140, 76, 511, 80, 77, 130, 606, 71
181099, 134, 88, 536, 109, 131, 642
181832, 183, 72, 575, 109, 133, 100
182565, 80, 585, 123
181428, 67, 83, 649, 83, 129, 667, 75
181885, 140, 663, 83, 111, 133, 78
181073, 109, 674, 80, 116, 79, 148, 717, 81
180812, 82, 683, 81, 91, 149, 788, 74
180557, 87, 724, 76, 151, 845, 69, 65
180986, 96, 741, 86, 67, 62, 158, 72
180617, 85, 792, 67, 157, 82
180591, 92, 796, 64, 60, 158, 84
180206, 829, 97, 64, 64, 151, 72
180256, 60, 844, 142, 67, 60, 152, 72
179974, 130, 66, 857, 68, 149, 77
180188, 849, 148, 95
179516, 892, 74, 102, 144, 89
179784, 918, 94, 112, 141, 94
179318, 921, 89, 98, 75, 60, 140, 100
179136, 944, 72, 131, 88
178437, 948, 146, 71, 62, 132, 88, 90
178687, 916, 71, 70, 131, 84, 107
178693, 90, 905, 62, 78, 135, 101
178411, 71, 67, 893, 64, 105, 130, 89, 73
178025, 69, 85, 75, 863, 130, 148, 85
175261, 258, 138, 350, 70, 86, 1228, 60, 877, 61, 126, 154, 80
175248, 105, 72, 68, 146, 67, 121, 1206, 890, 164, 153, 85
174192, 141, 88, 160, 1169, 888, 69, 162, 162, 91
172694, 66, 195, 1119, 888, 159, 164, 88
169992, 2307, 65, 70, 66, 184, 1130, 884, 70, 60, 158, 165
169524, 1833, 65, 76, 188, 1090, 897, 75, 150, 156, 149
168982, 1554, 83, 90, 179, 1062, 898, 66, 154, 165, 91, 73
166989, 1013, 71, 64, 186, 1027, 891, 65, 152, 61, 158, 90, 92
101, 164809, 1016, 62, 179, 998, 897, 101, 166, 158, 89, 84, 120
133, 163552, 980, 100, 996, 864, 60, 170, 162, 164, 92, 82
164362, 979, 82, 62, 102, 905, 862, 67, 176, 166, 82, 78
163943, 793, 86, 64, 62, 214, 815, 848, 82, 164, 60, 162, 93, 66
145, 162035, 820, 80, 70, 195, 733, 852, 75, 160, 159, 85
140, 155779, 4280, 780, 80, 70, 198, 691, 849, 155, 158, 86
142, 159135, 669, 80, 188, 699, 852, 65, 156, 156, 79
125, 157433, 604, 176, 702, 853, 72, 158, 121, 491, 152, 77
65, 157041, 692, 176, 702, 843, 64, 155, 476, 151, 98, 114
60, 156939, 766, 62, 155, 705, 858, 70, 143, 507, 156, 100, 114
157722, 766, 60, 168, 208, 693, 834, 64, 151, 159, 86, 94
157862, 849, 80, 174, 131, 677, 831, 61, 156, 157, 91, 104
156615, 849, 82, 71, 99, 164, 68, 1270, 789, 821, 165, 156, 91, 83
156653, 895, 83, 61, 164, 73, 1224, 905, 824, 187, 154, 84
156699, 1062, 78, 150, 1152, 62, 926, 825, 194, 145, 86
157239, 1059, 140, 1059, 819, 67, 209, 174, 81
157608, 1080, 96, 1075, 809, 68, 232, 87
158554, 1052, 1024, 796, 128, 276, 87
159331, 1041, 65, 1014, 819, 68, 238, 279, 81
158672, 1224, 1001, 823, 75, 69, 196, 282, 91, 608
158879, 1252, 882, 1021, 211, 310, 101, 692
867, 159265, 1252, 66, 181, 60, 62, 971, 65, 219, 339, 88
718, 158549, 1372, 993, 63, 259, 340, 83, 754
527, 158394, 1577, 72, 965, 60, 264, 356, 98, 798
440, 159535, 1351, 62, 82, 109, 940, 260, 67, 365, 93
331, 159624, 1538, 84, 79, 899, 267, 92, 376, 82
248, 159573, 1666, 180, 814, 266, 97, 379, 64, 89
192, 159343, 1864, 160, 797, 68, 376, 99, 408, 62, 81
158445, 1555, 200, 819, 295, 432, 63, 1357, 87
158571, 1523, 173, 66, 184, 823, 267, 430, 63, 1236
157587, 1365, 175, 94, 95, 825, 64, 616, 64, 60, 289, 437, 1114
156896, 1401, 115, 76, 858, 67, 609, 165, 64, 264, 483, 1108
156332, 1457, 90, 162, 119, 891, 666, 65, 258, 499, 803
157168, 1370, 103, 82, 115, 120, 837, 657, 60, 242, 381
159339, 1372, 77, 115, 120, 865, 62, 250, 286
160702, 1373, 742, 206, 110, 89, 870, 64, 110, 261, 484, 182, 84
163189, 1428, 195, 135, 149, 81, 973, 65, 282, 407, 198, 80
164109, 1374, 185, 136, 102, 176, 1067, 62, 107, 259, 370, 178, 82
164597, 1337, 66, 150, 154, 118, 64, 1558, 95, 62, 109, 234, 309, 181
164676, 64, 1387, 66, 160, 78, 65, 1564, 102, 109, 126, 326, 81, 183
162311, 122, 1381, 69, 153, 108, 63, 1653, 85, 106, 345, 82, 225, 69
158499, 1695, 1381, 61, 129, 155, 98, 1804, 81, 70, 106, 67, 755
156699, 1429, 2491, 116, 75, 85, 112, 102, 83, 774
153782, 436, 1287, 3009, 123, 82, 64, 111, 110, 69, 820, 68
157747, 1252, 129, 132, 94, 71, 62
156590, 1320, 146, 531, 79, 104, 87, 108
153964, 1247, 142, 570, 102, 75, 842, 98
150502, 899, 142, 284, 535, 100
147910, 750, 156, 299, 107, 69
143794, 1092, 153, 117, 83, 82, 73, 974, 69
55790, 1341, 138, 82093, 60, 2532, 157, 101, 942, 68
53960, 1864, 129, 78873, 2618, 1734, 75, 436, 497, 69
96, 53218, 2579, 77370, 120, 2727, 1497, 607, 76, 417, 499, 65
104, 51104, 85003, 113, 1455, 94, 868, 60
115, 48082, 88247, 112, 486, 69, 321, 466
106, 44087, 90910, 109, 63, 109, 314, 486, 91
104, 38497, 94157, 99, 78, 68, 269, 536
94, 32742, 97232, 104, 123, 384, 61, 63, 264, 526
123, 27633, 101907, 93, 70, 70, 245, 392
130, 23663, 105531, 93, 104, 92, 76, 66, 209, 391
20846, 108423, 88, 333, 396, 87, 269, 84, 75, 107, 184, 367, 75
157, 18798, 111799, 74, 154, 450, 88, 74, 113, 127, 358, 98
172, 17462, 114304, 60, 355, 100, 613, 182, 93, 72, 122, 93, 344, 123
205, 16562, 115998, 65, 500, 657, 95, 96, 96, 114, 84, 322, 80, 117
204, 16331, 116966, 565, 670, 96, 86, 94, 78, 387, 326, 121
16481, 117706, 571, 650, 99, 83, 89, 80, 619, 396, 130
16678, 118515, 563, 66, 606, 95, 86, 99, 742, 426, 64, 132, 66
16857, 120506, 535, 65, 599, 75, 93, 89, 94, 66, 413, 62, 69, 102, 78, 131, 62, 76, 81
17003, 121167, 512, 70, 565, 89, 87, 121, 64, 484, 68, 113, 66, 130, 71
17167, 122160, 513, 64, 560, 108, 89, 128, 72, 501, 268, 137
17474, 122846, 470, 526, 102, 62, 114, 152, 133, 115, 498, 121, 295
18377, 123462, 343, 396, 112, 102, 108, 135, 154, 521, 165, 299, 82, 63, 116, 73
20250, 124227, 186, 236, 101, 137, 131, 151, 160, 265, 66, 78, 118, 68, 102, 69
23514, 123146, 112, 126, 120, 138, 165, 261, 71, 94, 93, 131, 101, 68, 75
28374, 119937, 109, 76, 159, 135, 624, 247, 68, 127, 126, 69, 100
35041, 114351, 107, 80, 132, 164, 71, 618, 104, 254, 117, 96, 201, 375, 101
44330, 107646, 102, 82, 133, 149, 64, 734, 252, 114, 94, 157, 73, 126, 68, 226
53837, 101790, 89, 1479, 108, 105, 159, 132, 842, 253, 92, 96, 90, 135, 68, 106, 67, 227
66293, 94914, 1491, 121, 66, 93, 101, 130, 166, 263, 84, 92, 112, 62, 111, 132, 66, 68, 106, 62, 235
163695, 310, 1495, 62, 1064, 109, 96, 140, 200, 271, 123, 110, 63, 129, 74, 69, 111, 62, 228
170761, 63, 219, 97, 61, 243, 103, 60, 236, 245, 182, 109, 61, 92, 101, 125, 261, 213, 117, 119, 75, 69, 100, 62, 224
179235, 330, 382, 98, 61, 141, 361, 150, 116, 223, 63, 78, 207, 118, 255, 211, 97, 116, 78, 64, 97, 208
180619, 61, 176, 753, 92, 194, 1206, 88, 132, 63, 355, 110, 139, 129, 175, 249, 69, 542, 186, 476, 145, 140, 403, 104, 117, 82, 73, 76, 174, 124, 182, 252, 74, 123, 116, 68, 60, 94, 204
183844, 243, 61, 154, 552, 101, 274, 471, 99, 1821, 81, 82, 63, 61, 1481, 128, 525, 155, 167, 87, 143, 90, 456, 205, 223, 539, 238, 166, 144, 545, 79, 427, 188, 89, 80, 91, 146, 387, 120, 79, 63, 94, 160
197064, 473, 78, 88, 88, 62, 354, 61, 483, 86, 66, 142, 124, 1436, 127, 158, 181, 94, 160, 162, 75, 489, 778, 227, 272, 162, 150, 80, 702, 71, 655, 100, 178, 137, 95, 443, 63, 91, 107, 90, 75, 87, 151
207366, 144, 110, 84, 74, 92, 452, 63, 155, 1454, 126, 150, 182, 973, 141, 459, 257, 282, 164, 142, 85, 728, 104, 61, 102, 140, 119, 127, 447, 63, 86, 64, 114, 89, 86, 104
90, 214094, 95, 64, 62, 438, 62, 1472, 126, 187, 981, 62, 543, 260, 224, 465, 164, 142, 87, 787, 62, 145, 115, 124, 151, 375, 81, 113, 81, 75, 89, 63, 67
87, 213630, 70, 431, 475, 63, 958, 1470, 123, 201, 1013, 63, 423, 258, 61, 250, 165, 476, 133, 86, 810, 65, 149, 104, 92, 295, 83, 69, 118, 92, 81, 72, 97, 77, 70
91, 214433, 439, 412, 955, 1462, 123, 190, 968, 65, 423, 296, 304, 496, 80, 777, 128, 103, 94, 302, 78, 80, 170, 65, 94, 98, 71, 70, 87, 72
91, 216192, 109, 482, 280, 418, 122, 1501, 815, 160, 190, 970, 63, 463, 310, 348, 498, 81, 799, 72, 60, 128, 95, 319, 63, 75, 157, 64, 71, 67, 88, 63, 91, 76
