179357.000000
163485.003333
149161.553033
136007.813260
124048.706145
113369.499063
103604.310814
94602.754213
86356.200452
78838.401235
72020.580418
65923.763474
60216.456134
55174.037827
50373.056775
46113.901274
42363.438394
38866.360311
35809.454550
32814.740895
30035.747548
27519.145955
25339.489486
23422.731510
21590.524890
19964.138434
18480.569897
17053.036253
15862.070834
14771.468772
13771.691485
12853.992192
11928.517209
11195.385954
10469.244355
9890.612363
9287.755290
8693.355353
8190.996509
7637.759764
7109.177071
6844.700155
6505.128121
6206.799924
6064.850676
5936.045487
5781.993550
5655.257268
5372.393918
6161.819642
5924.314697
5749.165590
5466.677942
5388.916143
5176.623494
4962.499929
4743.588661
4533.449995
4317.486554
4092.571588
3877.726419
3762.801630
3764.882817
3960.184540
3902.281656
3809.499837
3670.809557
3582.448462
3550.384963
3665.956199
3632.443670
3758.374720
3748.654329
3744.432302
3777.943199
3686.324389
3631.861077
3567.522991
3595.559648
3610.206338
3541.432866
3464.562731
3564.720713
3542.927221
3534.306909
3595.423209
3618.886100
3572.660861
3661.066482
3677.139126
3685.549545
3957.963812
4061.621579
4078.969754
4204.289927
4197.641089
4189.418097
4170.013605
4090.022185
3961.963325
3953.402312
3896.164732
3831.094220
3941.283975
3998.658613
3951.908750
3909.005590
4190.834302
4144.635686
4139.410631
4083.377400
4167.210689
3972.134276
3893.120622
3833.128002
3770.311187
3802.834161
3835.653596
3806.754576
3679.452547
3732.807700
3629.807948
3616.282096
3650.655923
3560.708654
3592.382130
3780.369699
3732.999172
3840.048854
3709.291516
3607.655279
3528.942775
3396.475180
3437.666924
3360.104352
3458.294960
3422.158217
3612.116919
3651.810710
3796.688923
3765.418292
3785.032607
3773.967907
3767.334325
3817.403648
3893.660849
4020.525490
4273.560549
4562.771472
4942.004392
5348.376938
5634.305367
5775.268864
6012.306431
6032.681205
6033.402642
6248.102286
6236.020139
6283.017543
6266.404787
6394.275415
6320.453373
6327.781197
6352.096575
6421.074550
6488.111174
6440.408619
6296.175765
6229.033672
6177.671622
6208.724313
6193.362654
6065.403153
5968.340398
6618.260351
6829.475743
6669.246455
6492.182902
6565.286441
6811.038112
6785.083898
6866.230268
6868.046015
6993.431677
6971.183611
7065.588850
7093.846638
6842.459264
6697.190872
6881.278987
6851.152114
6599.419012
6328.192869
6088.996688
5847.634045
5979.943059
5904.359948
5774.391082
5744.597846
5776.042863
5615.273515
5687.091056
5707.825410
5728.858378
5760.276810
5696.302878
5583.463070
5667.798452
5985.912278
6425.195859
6972.308624
7113.173397
7214.046615
7226.488302
7258.563178
7243.092492
7525.139658
7881.182971
7885.911798
7889.991501
7819.045207
8104.989962
8210.227140
8284.043952
8439.891761
8619.642679
8498.047387
8326.940769
8209.743551
8064.627416
7993.603105
7891.441571
7867.470653
7977.064961
8012.419310
7885.301572
7767.393058
7595.833565
7364.177172
7130.099266
6833.802097
6726.563829
6544.600536
6356.453154
6278.980213
6141.805328
6116.223240
6173.998443
6204.350348
6420.327444
6515.772484
6587.749039
6793.988880
7013.298508
7033.631054
7050.686612
7208.332660
7220.468995
7141.450315
7093.104101
7146.854143
7179.358839
7050.945955
7111.607878
7127.418071
7251.154366
7094.746552
7009.105637
7036.050835
6888.194495
6821.229540
6754.260058
6607.098221
6423.337813
6387.276625
6264.884474
6250.288009
6234.824833
6174.470990
6100.450954
6014.065270
5869.026847
5848.528156
5725.242975
5712.253460
5614.236923
5527.786973
5491.337126
5440.469725
5431.901960
5381.952352
5419.294288
5464.946037
5643.645992
5636.964911
5607.704736
5633.552486
5580.673939
5473.687794
5668.530402
5741.123451
5706.716458
5816.849231
5811.595546
5718.093123
5727.817683
5785.902327
5697.614255
5669.060344
5687.931188
5792.001695
5879.188209
6081.347545
6178.285089
6540.184529
6524.301255
6387.471005
6246.198614
6168.323092
6040.475974
5941.601764
5881.257605
6043.438539
6392.364364
6431.498630
6372.012773
6259.315937
5997.201032
5670.578430
5548.920489
5507.313723
5389.129998
5281.214180
5482.897061
5782.530443
6474.585056
6958.868480
7008.762473
7082.299341
6890.872792
6720.992280
6531.997093
6440.509511
6487.447969
6437.393338
6381.631859
6531.602639
6375.060362
6382.006890
8009.206662
7765.064337
7597.851684
7662.641111
7486.054391
7277.544790
7125.452034
6988.431939
6981.037770
6921.093391
6667.845966
6641.190809
6482.613048
6243.922972
6268.393434
6548.747829
6409.721308
6216.352273
6065.708019
6539.378611
6540.438458
6444.344095
6386.059009
6391.325463
6260.917936
6338.552968
6547.765554
6563.003909
6787.619832
7124.130126
7281.464297
7449.905059
7492.950858
7454.169595
7519.274724
7589.171371
7679.757712
7818.654028
7632.155558
7560.943910
7632.553076
7772.972319
8118.604810
8016.695083
7830.514094
7819.430571
7863.219074
7755.690142
7757.611363
7788.869477
7705.381028
7589.492814
7693.481598
7544.029039
7606.364464
7817.211270
7992.709315
8143.094888
8099.373211
8149.508053
7994.683701
8047.338639
8164.831102
8212.941401
8426.498244
8412.623206
8564.008686
8341.102806
8502.917279
8630.137077
8647.009054
8978.378239
9240.826158
9229.092980
9272.294220
9200.901466
8881.875236
8717.808425
8674.923314
8420.395902
8365.391643
8073.698552
8112.116663
8090.473222
8331.436515
8520.638601
8819.322303
9261.724472
9437.322211
9694.163212
9643.633621
9459.036007
9517.926688
9274.662306
9015.872110
8969.557345
8929.073655
8699.402124
8482.393188
8287.205252
8097.792073
8025.037846
8022.047185
8051.894310
8267.745391
8331.616933
8323.943958
8392.600767
8278.752972
8257.465205
8167.454121
7986.826387
7810.380640
7647.826774
7513.879227
7462.316371
7544.229467
7460.840971
7425.914304
7360.832997
7432.130576
7257.846667
7273.460075
7242.746708
7227.126955
7173.583568
7062.737518
7081.695063
7011.895448
7124.985642
7110.823209
7279.013826
7265.757484
7647.537349
7620.655066
7613.607875
7458.747872
7525.158603
7841.149231
7878.418349
8069.701874
8206.773803
8308.513181
8472.190132
8449.728314
8383.468452
8194.556291
8093.422696
7963.849947
7867.295609
7894.599788
7743.732866
7650.094947
7806.609932
7793.073861
8016.277606
8068.361641
8074.389485
7989.557177
7927.967619
7880.030926
7756.008534
7707.250119
7748.648589
7710.838843
7747.498642
7798.125725
7933.866958
7997.226775
7992.841071
8011.187336
7975.502044
7976.930390
7952.571360
7899.839938
7894.250422
7947.838472
8264.650657
8643.173274
8783.566111
8688.500063
8765.989959
8732.854784
8732.529226
8761.091792
8648.130786
8493.038231
8609.782437
8725.698096
8908.475463
9007.104829
9297.520296
9550.916018
9535.364949
9313.852692
9245.402028
9088.927610
8963.018243
9101.264248
9529.617133
9644.559434
9717.776536
9723.874687
9552.184788
9281.350903
9155.146968
8978.717075
9122.585479
9289.733178
9299.574839
9479.036633
9508.433140
9641.195726
9781.605758
9899.633789
9971.702042
10090.111603
9812.499598
9838.778556
9591.331623
9550.723542
9509.487835
9509.916282
9798.035582
9712.816301
9914.521657
9885.720591
9917.354757
9928.114398
9883.709592
9832.724748
9897.493246
10232.467874
10278.886942
10278.473391
10333.230394
10134.800443
10370.111540
10337.240717
10301.685131
10408.239352
10516.693889
10552.320850
10835.972758
11041.178347
11008.040923
11047.764299
10865.606689
10776.960910
10754.708938
10712.016506
10632.793844
11057.846320
11423.698975
11752.613126
11792.372062
11902.058576
12231.841932
11965.070276
11963.641402
11618.674460
11602.154543
11612.207693
11481.956059
11515.113347
11485.823734
11863.099598
12043.612791
12121.966071
12036.812654
12159.715202
12252.478089
12447.755061
12563.115929
12605.513926
12717.754928
12865.737377
12873.722973
12931.872220
12778.042936
12491.564169
12348.362610
12996.402132
13648.376920
13683.324958
13564.206104
13663.211869
13827.307114
13641.955356
13477.344080
13266.708603
12989.257770
12634.106924
12427.896124
12141.907041
12326.602074
12507.733378
12741.535413
13214.977618
14517.355123
14486.875515
14312.323385
14313.751535
13846.572721
13813.004705
13836.461733
13936.548804
13855.310392
13589.536378
13242.858497
12966.636526
12866.466690
12835.778805
12400.056752
12317.906546
12079.243977
12056.398293
11976.710682
11959.802799
12129.342116
12197.889561
12496.636363
12676.543012
12701.112964
12698.667700
12613.289567
12807.062134
12668.716738
12455.461643
12312.556370
12348.469434
12211.134636
12259.818793
12033.772357
11878.658335
11527.430065
11054.322143
10601.703739
10232.754324
9861.300552
9667.101150
9613.803223
9655.176619
9686.987194
9643.354425
9518.091742
9409.800740
9675.855929
9793.617130
9786.101393
9765.693444
9798.894759
9743.774623
9834.830985
10213.107961
10344.606676
10310.419526
10297.450396
10473.417116
10481.374281
10318.681968
10302.161376
10394.229597
10528.125404
10594.962745
10431.408255
10454.942296
10107.938666
9964.698696
9872.530715
9737.320598
9613.338215
9198.875030
9153.646866
8935.826491
8774.398185
8609.035682
8362.426392
8115.906056
7799.360785
7677.696746
7394.884431
7250.360519
7227.710425
7267.789036
7127.339003
7380.713787
7226.033860
7083.271204
6819.063071
6634.868963
6940.373893
7022.677498
7163.491425
7228.188962
7376.879406
7703.372024
7684.146973
7785.471785
7699.744030
7698.912165
7728.421835
7774.310929
7691.077847
7731.935743
7905.312507
7879.363793
7887.546542
7981.824216
7921.844350
7817.545025
7967.260090
8062.022369
8146.263885
8150.300135
8082.910378
8019.946483
7929.214045
8176.569094
8375.626896
8466.938122
8669.556828
8669.775145
8552.797343
8374.457347
8301.865989
8285.301972
8165.969892
8271.240445
8364.542531
8430.572919
8351.448807
8222.959591
8016.144208
7973.675543
8046.154548
8224.761423
8205.960346
8185.733719
8183.151017
8106.855661
8094.446495
8284.405134
8358.443966
8094.485970
8088.735174
8107.843126
8045.011754
8023.541088
8338.034155
8287.720885
8113.453456
8205.105390
8218.112572
8214.474597
8136.418942
8247.313787
8345.933977
8631.439135
9016.629221
9131.273767
9300.231677
9582.328473
9851.083617
10338.439032
10384.006970
10596.885559
10922.797231
11029.667049
11191.083289
11146.925009
11322.321366
11510.245776
11697.684441
12110.492841
12602.854368
12699.511200
12715.586565
12735.246519
12685.513548
12860.738897
12854.174357
12769.518273
12690.916530
12860.071297
13052.708018
12902.721159
12819.542921
12880.638960
12798.303023
12967.785162
13324.664890
13531.307795
13866.101858
13929.552691
14241.496870
14549.052348
14756.394499
14825.315073
14862.883775
15230.828157
15442.935976
15464.256052
15565.688693
15455.247299
15495.502493
15383.715112
15519.898399
15587.660484
15706.829864
15841.493608
16035.249379
16280.092621
16421.609776
16779.308033
16615.374232
16612.249374
16675.088107
16596.432138
16402.757167
16188.312944
16227.392230
16506.013204
16666.303388
16737.849809
16936.702149
16688.096995
16495.427089
16390.219043
16264.781682
16213.978782
16663.787358
16479.117084
16363.808311
16378.218504
16583.500408
16728.008900
16837.158688
17160.284994
17569.263266
17783.425651
17827.450675
18194.395801
18279.166845
18120.375163
18077.694339
17920.882241
17802.383231
17512.580505
17269.169828
17213.077877
17190.720476
17384.281123
17531.754646
17701.367316
17529.259944
17595.544196
17200.298159
16859.459560
16550.433690
16212.122109
15983.097786
15700.093495
15387.406649
15395.347894
15475.029328
15635.362963
16016.062650
15861.581717
15921.933480
15584.665349
15506.763115
15523.013258
15490.730300
15508.015554
15591.847095
15739.631837
16126.378697
16495.518340
16901.584434
17061.975168
17102.609168
17068.252774
16955.788456
17139.469456
17266.023087
17266.296695
17194.879012
17352.367352
17420.575859
17547.127954
17408.153104
17324.203639
17305.186096
17333.487974
17611.109351
17430.254607
17314.017967
17259.709291
18288.868788
18486.529421
18187.408440
17976.808347
17647.436772
17566.869423
17196.474705
16716.423354
16394.000154
16370.924454
16160.062822
16289.802266
16322.853395
16036.910315
15782.180544
15591.023510
15627.466689
15325.559392
15248.043361
15035.248870
15043.398040
15141.429472
15218.006702
15484.417471
15575.141467
15746.939520
15754.624767
15764.641871
15721.914299
15615.898875
15478.554250
15315.135348
15175.569245
15557.340562
15378.732853
15045.517484
15052.287577
14726.518950
14435.438127
14563.060460
14725.832078
14979.511112
15039.755112
15237.279113
15294.335757
15372.127892
15932.738343
16010.191892
15890.345210
15666.669043
15658.229613
15675.643850
15646.310413
15816.220908
15867.651222
15971.327318
16332.715702
16371.583054
16231.854305
16312.959966
16137.385726
16110.742579
16105.011041
15956.505146
16200.898114
16201.131009
16112.950787
15905.663647
15609.949998
15282.266263
15101.627005
14832.127633
14544.294970
14324.677050
13906.385527
13686.512791
13664.958012
13580.319634
13701.043808
13721.212610
13748.228966
13733.484437
13766.776720
13732.182502
13862.239018
13907.257114
14131.502013
13944.560949
13717.605366
13581.550295
13521.575474
13276.284662
13225.042572
13205.180897
13378.663636
13611.991752
13641.187004
13676.299781
13579.417115
13425.214673
13690.251234
13552.963917
13774.028537
13792.365969
13647.221659
13811.779553
13577.491942
13462.513746
13342.518881
13121.539241
13236.886984
12983.269116
12814.755288
12655.721429
12469.686893
12102.069975
11871.883677
11406.367087
11152.817579
11102.569879
11200.522904
10958.769960
10717.092428
10681.467835
10667.884750
10607.943750
10728.115087
10625.839631
10488.957201
10300.715759
10251.914086
10394.100642
10579.898251
10825.766232
11174.631584
11485.487291
11699.405199
11967.913633
12417.640622
12640.974535
13202.004474
13632.275051
14081.362454
14323.616303
14560.620248
14551.615406
14330.044529
14197.567973
14342.139796
14613.825646
14781.259769
14725.338547
14841.971803
14907.715909
15090.072458
15122.875741
15325.714963
15373.753558
15656.343189
15695.452694
15909.454108
15679.403238
15355.786359
15063.549900
14820.846095
14886.017006
14996.314691
15020.214996
14954.940744
14531.552940
14110.607293
13853.958519
13440.070880
13053.186069
12876.509127
13019.423306
12962.463443
12912.265263
12910.075115
12743.282080
12796.571006
12911.620792
12938.394529
13043.182159
13005.268313
13235.962793
13446.541827
13902.200122
14131.402111
14595.552391
14677.046794
15076.775328
15368.230254
15706.689531
16925.409042
17646.757522
18408.686600
19701.532257
21804.347295
21716.022705
21342.329681
20679.245500
20883.246739
21414.805512
21297.688703
21672.143778
21511.909662
21193.865243
20862.068352
20229.525337
19882.428841
19561.300442
19785.367716
19558.794425
19562.416652
19252.563859
18817.060563
18708.317269
18101.015774
17858.230237
17859.373829
17743.696851
17337.062174
17094.377558
17064.644363
16874.167546
16714.065016
17282.254067
17204.925711
16979.611808
16759.799687
16206.739284
16174.599415
15930.963899
15687.392834
15518.464734
15343.987222
15419.961705
15739.922014
15750.980013
15440.360440
15330.802510
15113.465578
15289.618382
15476.462532
15366.216198
15295.276348
15948.748535
15965.412148
16102.595643
16708.365956
16735.562040
16624.694790
16752.068337
16914.986108
16746.700104
16751.508859
16701.022081
16608.220290
16090.554974
15608.467771
15281.356652
15019.893377
14694.448071
14511.535980
14447.587938
14429.854043
14548.280905
14468.445427
14287.285339
14373.100246
14412.952597
14433.359412
13897.847261
13916.625321
13730.599631
13696.928017
13515.286848
13578.918875
13442.020098
13331.955936
13197.989706
13101.425534
13200.089393
13019.367622
12916.675517
12728.162955
12651.545936
12734.291116
12774.808837
12909.687806
12997.706100
12923.108629
12849.550421
12623.385001
12845.786233
13204.226257
13640.014521
13856.095567
15747.705790
16257.392661
16698.603792
17318.121607
17772.447525
17777.233131
17927.917443
18125.604873
19187.469062
19968.690964
20685.544071
21177.382360
21482.782653
21966.559665
22286.086943
22713.123432
22682.542323
22382.078220
22269.702944
22182.551248
22202.219675
22142.302257
21894.773485
21786.157597
22103.372041
22349.735224
21936.251211
21473.592523
20972.780961
20424.191459
20137.194620
19999.443182
19957.116825
19981.842978
20026.994757
19890.804444
19687.922240
19395.483749
19624.580407
19657.925033
19563.319623
19663.197328
19861.282117
20099.833394
19933.024859
19804.978112
19681.777140
19622.491708
19589.424317
19458.297697
19389.980316
19269.858558
19159.214425
19467.422382
19243.515152
19403.018396
19129.134976
19068.763808
18833.324085
18743.477859
18837.925636
18985.649583
19032.945042
18994.815283
19942.525044
21669.842888
23408.764872
24268.807406
23968.238269
23201.677217
22782.938032
22435.285374
22295.968514
23123.558798
23748.258114
24301.679590
24254.865682
24658.437574
25067.186036
24866.798116
25111.480403
26224.058932
26553.568138
26691.331319
26438.923265
26326.314289
26075.777375
25821.106431
25480.508813
25224.302236
25078.824838
25093.444328
25203.606888
25094.352856
24963.817962
25048.097875
25319.412203
25935.829811
27212.644344
28605.682823
29248.257644
29525.016416
29401.204155
29128.934996
28828.299474
29901.909384
31184.149304
33611.097436
36174.149647
38778.087943
41517.797283
44195.485724
45970.350832
47121.219257
47258.878152
47410.253628
48228.930801
49701.456441
51459.462616
52426.746275
53329.237149
53897.037178
55145.872460
55705.634135
56103.283925
55675.451117
55434.586007
53808.159541
51628.158515
49759.028170
47957.492106
46645.211934
44599.993840
42588.198316
40998.907527
40858.935261
41173.791872
42638.895701
45965.049990
50691.520981
57229.797818
65109.794446
74026.371770
82168.900271
87121.499247
91576.250589
94109.368428
97647.807623
103664.806897
105564.119375
105089.321180
98733.470509
92407.191496
87688.508968
