2.098039
806.569608
1597.405833
2403.284561
3114.116412
3740.081179
4375.983003
5001.642676
5528.235052
5971.442907
6393.694291
6692.586047
7101.682235
7588.704006
8160.351158
8634.353208
8901.619862
9190.801614
9644.900749
9933.036103
10229.137239
10640.001946
10824.331261
11100.397050
11243.196806
11501.084024
11999.829823
12289.999116
12357.432494
12429.004006
12611.671453
12960.852586
13134.460937
13494.706518
13643.641780
13569.655770
13518.086707
13532.045116
13609.854625
13985.291306
14091.991446
14125.544815
14123.385222
14374.141451
14737.877515
15111.783640
15346.045438
15666.801990
15989.991302
16024.778011
16267.997934
16445.413724
16600.315587
17039.362552
17371.766974
17701.719802
17959.876949
18320.718396
18465.941299
18569.718744
18740.397513
19036.020774
19029.066795
19179.111494
19419.199057
19422.223417
21010.418129
21075.912909
20899.638832
20801.307871
20861.069928
21095.604667
21275.306787
21298.929683
21382.677316
21673.347372
21733.711376
22003.429729
22232.454321
22489.659056
22537.485907
22777.192004
22772.406913
22664.088528
22943.005671
23313.969112
23417.545167
23494.181634
23752.272552
24092.521670
24047.040684
24110.343552
24013.802845
23847.500938
23883.894519
23917.962538
23887.440881
23748.790406
23482.688141
23607.859616
23671.454870
23896.446833
23968.895079
23977.132678
24012.436829
24064.901262
24046.464042
24499.034957
24813.267523
25404.345324
25716.845704
25831.426949
26122.545797
26636.261645
27169.844641
27187.270056
27633.424200
28104.133382
28902.663968
29814.844495
30074.243447
30159.990098
30617.633730
30791.250083
30965.032677
31219.290847
31400.173364
31662.388225
31682.308029
32265.694589
32618.605938
32340.416817
32161.862643
32073.357746
32066.395741
32515.719091
32546.819411
32636.427460
32441.033538
32288.264214
32075.121592
32295.722375
32468.289197
32955.439443
33499.906687
34018.248607
33764.198922
33573.898780
33557.509723
33634.959727
33914.874486
33770.609193
33324.890498
33070.065581
33279.585832
34357.030069
34810.931507
34812.024147
34604.450391
34394.208264
33963.627262
33551.304723
33153.194388
32761.581728
32400.435975
32086.371039
31704.287781
31661.426333
31531.409918
31938.811972
32468.090981
33036.309961
33572.670934
34609.586407
35152.993361
35617.790752
35886.320822
36327.851840
37099.455326
37095.192364
36797.711177
36753.186402
36306.578063
35729.566807
35077.845329
34730.055023
34736.960115
34549.182698
34156.782386
34083.111894
34451.728849
34632.687504
34711.260972
34829.011649
34535.510086
34183.389484
34021.247461
34084.232147
34112.185245
33908.791669
33864.410909
33813.178599
33550.566728
33274.524666
33094.621962
32728.796746
32186.227497
31576.269064
30844.436003
30287.943614
29774.107218
29307.374406
28755.103725
28600.281872
28324.299151
27798.041056
27391.139003
27545.217347
27202.368245
27109.583166
26844.551066
26555.154885
26288.267729
26231.430814
26358.035743
26297.318270
26210.389611
25816.117190
25692.381918
25837.484391
25841.637623
25867.740055
25595.145209
25841.831086
26240.041493
26885.627653
27007.958035
26991.705232
26852.970950
26897.616520
26815.723930
26655.337733
26330.763003
26323.585638
26137.680866
26202.616430
26869.634628
28322.192112
29002.364860
28481.795636
28019.607815
27634.482327
27389.491544
27054.334613
26566.162981
26021.223459
25516.209345
25018.916525
24284.441287
23749.105497
23329.340418
23397.606731
23446.365610
23214.443408
22764.929081
27831.474783
26996.587319
26559.220698
26141.749859
25820.901582
25401.668267
24810.486815
24404.436984
23976.077880
23656.987711
23351.750090
23007.731213
22792.827006
22358.566048
21802.073039
21439.957623
21223.759741
20937.348225
20564.449441
20204.321087
19979.532483
19839.112722
19417.882576
19268.643349
19052.062162
18817.953172
18668.702572
18560.930188
18390.938581
18332.748515
18245.009128
18216.986123
18412.332895
18529.688799
18406.627889
18063.935710
17788.036964
17649.031194
17309.814928
16972.814378
16646.503071
16466.413211
16321.092551
16109.888904
15718.437596
15226.676500
14932.205420
14805.661816
14676.378725
14295.638220
13989.750427
13787.490357
13704.876623
13622.558282
13706.230368
13713.667869
13622.757025
13569.227017
13265.322529
13002.511304
13071.064170
13139.142334
13206.193061
13268.734388
13206.913355
12996.532393
13060.917538
13195.561857
13273.999451
13129.844576
13074.222936
13150.656887
13222.378945
13135.785488
12971.784448
12821.320716
12450.737033
12351.353123
12101.518800
12173.046782
12115.045423
12096.363740
12158.078886
12211.759256
12201.583058
12236.178415
12161.663612
12100.552980
12377.172390
12590.666711
12595.243180
12665.951609
12336.563833
12159.649366
12310.215918
12604.869828
12856.351826
12857.055804
12982.183406
12877.403647
12991.388367
13166.932674
12999.386040
12976.157915
12829.463744
12828.225851
12748.814559
12558.620890
12319.003571
12151.096529
12064.918174
12010.507559
12112.727279
11958.651699
11743.974016
11618.065512
11501.240667
11474.017850
11570.728722
11415.109933
11409.770123
11535.885538
11731.040281
11949.307875
12347.403265
12342.217416
12307.271251
12327.346904
12296.779559
12687.846463
12797.928650
12827.993002
12949.205116
13163.686037
13341.721343
13515.737236
13435.460179
13918.624425
14366.736341
14405.685798
14359.577979
14291.446139
14014.877753
13800.980924
13896.155408
13874.516265
14001.570844
14090.162890
14109.623373
14075.220635
14350.906662
14373.835839
14474.610714
14385.786060
14263.069306
14156.335449
13941.467696
13823.837449
13603.892635
13310.286239
13198.705260
13094.969997
12980.378360
12862.331991
12729.650685
12453.474034
12238.666999
12135.651296
11802.237358
11837.403922
11805.227843
12203.021353
12114.693815
11888.225791
11629.230188
11520.290247
11723.962009
11650.481556
11646.263360
11883.761957
11769.134643
11735.603401
11618.960486
11523.749717
11422.648505
11618.363139
11684.276355
11883.372341
11817.089998
11704.153145
11407.145488
11297.643116
11247.462921
11315.478010
11084.966855
10982.942041
10944.038076
10691.745977
10698.127305
10846.424861
16256.060481
15952.806477
16093.126937
16266.231375
16358.311963
15954.878718
15678.279880
15725.754121
15800.086023
15908.466035
16198.634890
16335.467852
16672.286616
16833.578168
17224.362004
17450.928218
17615.522983
17802.829187
17708.879885
17649.816283
17523.607821
17556.984293
17419.707627
17294.812442
17161.154173
17048.614111
17102.308896
16924.342471
16773.486132
16985.419668
17039.450646
16939.160466
17036.500482
17096.267615
17267.811097
17497.859758
17475.217750
17440.335294
17445.357745
17482.772211
17752.210071
18204.317214
18417.446452
18804.860404
19334.625227
19870.435142
20605.148679
21202.448108
21796.745310
22182.798241
22587.109309
22634.283255
22640.600465
22396.315540
22243.758586
22148.535363
22222.877222
22149.188263
22243.407281
22515.197702
23044.198601
23184.514161
23483.025708
23787.595991
24380.231878
24487.734009
24534.849270
24412.153865
24164.334407
24120.364746
24248.973959
24310.666438
24812.019390
24864.528225
25328.960637
25414.300841
25835.644622
26303.940822
26702.998683
26774.656592
26772.868861
26744.974437
26690.910029
26366.772371
26100.943556
25591.731672
25504.650971
25683.751756
25708.450443
25671.498509
25736.190250
25775.000345
26359.799348
26602.766243
27230.486754
27209.664377
27448.424296
27491.010924
27569.648613
27857.907359
28134.921795
28057.156097
27996.392410
27640.419849
27819.991013
27998.807149
28003.172674
27999.625805
27648.624906
27306.707387
26791.850449
26367.085377
26095.958559
25770.144945
25467.614168
25011.402087
25246.682963
25197.670384
25491.104512
25416.196345
25458.645351
25623.285633
25903.705665
25845.892931
25975.712010
25795.491115
25899.928324
25915.233869
26000.056489
26496.312488
26712.422354
26685.420844
26521.624311
26340.774468
25930.971039
25577.638173
25509.069990
25486.436099
25453.337823
25172.133677
25145.777974
24959.151820
24878.025602
24618.594910
24648.810262
24662.118769
24644.275575
24571.595130
24380.780079
24040.682252
24187.738335
24156.574948
24182.212867
24699.168891
25194.810446
25157.050316
25485.358584
25792.635753
25910.596122
25908.736905
25892.574569
25862.294860
25829.289921
25582.468562
25406.796115
25305.601407
25137.995846
24954.637231
24900.768114
24805.294414
24682.253223
24399.297425
24180.465887
23976.313181
24033.826933
23965.276763
23840.750180
23774.932279
23834.875861
24061.257558
24227.390759
24486.080044
24408.740748
24340.550769
24487.778133
24189.310795
24144.770745
24379.281228
24495.375990
24711.375818
24763.097223
24693.938440
24348.425832
24179.463364
23820.329411
23465.403137
23463.631019
23232.492605
23215.471897
22946.451243
24664.665936
24439.424796
24067.881007
23856.224212
23783.648295
23838.842351
23936.511998
24210.109928
24364.384823
24512.581269
24927.975735
25359.906360
25619.883591
25985.748235
26019.401999
25990.188762
25950.004814
25880.332024
25873.982090
26255.726123
26510.206483
26747.558904
27254.678998
27224.807793
27286.069364
27374.044328
27588.902896
27704.908731
27754.345648
28156.330326
28271.011849
28327.182825
28397.968782
28708.340931
29153.014081
29669.951612
29690.324619
30030.506428
30110.612479
30113.772051
30160.550115
30195.032413
30059.657263
30236.435184
30608.213425
30731.022362
30773.184969
30827.121799
30676.004925
30966.765463
31417.066405
31777.307203
32273.704588
32888.529162
33366.498783
34024.597373
34026.418485
33927.775992
34473.810722
34268.014303
34134.990059
33756.511144
33304.548332
33090.979739
32962.544477
32446.605489
32080.267371
31934.987336
31837.943851
31704.023130
31582.759228
31615.609502
31668.091772
31984.353850
31742.214589
31452.488173
31007.804941
30591.544106
30348.029645
30313.110516
30347.133422
30545.906162
30460.716737
30225.684821
29849.643718
29637.588983
29488.638945
29156.983469
28654.169589
28561.010129
28589.449819
28660.079289
28484.843952
28577.080186
28194.249706
27960.811730
27866.884869
27547.121018
27631.553202
27731.250052
27798.448334
27643.427878
27496.178053
27871.447581
27966.153634
27960.885168
27804.464439
27911.249060
27913.502293
28065.364433
28194.876604
28334.050421
28540.320449
28840.857367
29098.865479
29169.592794
29177.811193
29137.104947
28950.112445
28848.410744
28609.900011
28829.679520
28875.583780
29026.961453
28415.550636
27831.106437
27434.884449
27245.206893
27215.311254
26779.231966
26393.093897
26122.129398
25945.442536
25734.311586
25513.599928
25349.676794
24969.530210
24676.288993
24510.313759
24466.229444
24235.125815
24184.196975
23996.810656
23873.044633
23432.623774
23181.310232
22862.295701
22658.749543
22319.796380
21826.551659
21720.412311
21861.713264
21664.247209
21607.309358
21241.218400
21106.035912
20950.573332
21049.836822
20714.721451
20938.154006
20967.834541
21115.638893
21385.037340
21551.910963
21474.174239
21446.638076
21476.521858
21682.542824
21657.807840
21643.419409
21551.699419
21663.941899
21852.442843
21841.075603
22215.449274
22428.343477
22541.506695
22591.250968
22838.378616
23065.859685
22972.237289
23004.417581
23098.726114
23123.813338
23093.367769
23329.338596
23717.095196
23998.334554
24009.559002
23967.802621
24001.804647
24186.102650
24443.342615
24807.167641
25013.001416
25173.998404
25557.937700
26277.032971
26637.200931
29300.085982
29199.881683
29030.036619
29079.056356
29256.225107
29433.441303
29485.361394
29531.877638
29685.040619
29963.204275
30084.624453
30296.467740
30527.765922
30768.440371
30736.955607
30733.398023
30489.257534
30413.582892
30269.993944
30224.082482
29916.964632
29784.963459
29722.299600
29704.588542
29505.382644
29610.948806
29754.240581
29636.901101
29412.993301
29318.975009
29227.763513
29287.100828
29446.267355
29245.001046
29301.539229
29250.332856
29286.412291
29340.319128
29187.609054
28974.044287
28946.079328
28838.151832
28758.310907
28702.642421
28889.176966
28716.663216
28586.355545
28604.912278
28675.164703
28645.708429
28858.172027
28655.957543
28462.238098
28246.792859
27908.614001
27763.446046
27721.077665
27556.259076
27290.140240
27235.354796
26964.296860
27064.246723
27037.952034
26937.638746
26671.305829
26667.489557
26404.283706
26085.689129
25916.926241
25854.362282
25791.322599
25812.783920
25569.478058
25559.337488
25310.888261
25079.959534
25003.392930
25022.780146
24767.460747
24686.503396
24463.417441
24293.677942
24335.903849
24158.206695
24140.049302
24084.811543
23900.021946
23889.934574
23899.159414
23811.550463
23783.227842
23751.564489
23652.923519
23859.696951
23933.888574
23898.351008
23860.488360
23977.232569
23935.837607
23909.512394
23806.091676
23893.587092
23778.264600
23722.727841
23553.685567
23636.899327
23653.952400
23656.576349
23494.653414
23476.426625
23438.417059
23406.876598
23416.721004
23661.971228
23988.378549
24155.743935
24514.160660
24693.272235
24801.577250
24894.984662
24940.619743
24980.471109
25009.208338
24977.681254
24623.522682
24545.844587
24409.834710
24285.480230
24233.480728
24134.696888
24020.993416
23964.524137
24018.090087
23929.087544
23913.856696
24098.681508
24012.437629
23806.215747
23763.963784
23861.993045
23922.442413
24007.967351
23617.753297
23642.732299
23622.113331
23438.556684
23502.432771
23379.683682
23155.452439
23222.111190
23310.617395
23120.078682
22980.266905
22620.669246
22274.690685
21992.332622
21741.037559
21623.452348
21617.307182
21538.653587
21451.748359
21372.298196
21715.844070
21840.573435
21811.132999
22146.093996
22239.503022
22588.700420
22907.959516
23231.373305
23307.741895
23396.154800
23211.723531
23152.788335
23075.572447
23433.919315
23757.097859
23899.807672
23978.221210
23942.063091
23811.038368
23918.098214
23895.428597
23840.884618
23507.146270
23208.616407
22893.436567
22850.349053
22633.564933
22377.678844
22132.814509
22172.060058
22036.904114
22105.376556
22048.962630
21997.910577
22090.356224
22258.642335
22400.227865
22581.918433
26105.171531
25872.740405
25502.993581
25082.498804
24859.836609
24800.785955
24705.538814
24578.010893
24520.898583
24395.237968
24356.436854
24253.407168
23926.846614
23835.268989
23953.011422
24178.415753
24301.624377
24311.327472
24381.302274
24363.660690
24380.752165
24481.859655
24559.974516
24662.513045
24913.289353
24749.417042
24675.844230
24522.483391
24408.057260
24434.783809
24432.252462
24162.639839
23979.754906
23818.971082
23760.285273
23713.576892
23590.505890
23321.788439
22999.726468
22721.751909
22545.389804
22407.406588
22257.302925
22180.602485
21867.670400
21552.784919
21326.867242
21106.990546
20926.460627
20604.361125
20123.358755
19701.720229
19501.018531
19249.457801
18944.110401
18628.661744
18505.228657
18225.135851
18111.745725
18028.264321
17981.486399
17580.655217
17420.312652
17500.442117
17549.494521
17677.670776
17641.222531
17466.581012
17408.793138
17178.329952
17021.974239
16804.679448
16829.331750
16768.920065
16622.489748
16394.624084
16349.218370
16433.357451
16344.018991
16357.621963
16480.897727
16455.217547
16384.617454
16457.896385
16676.723134
16694.428154
16697.349884
16962.458860
17131.630035
17164.864219
17071.695518
17227.546036
17265.058931
17182.362847
17194.554508
17080.234626
16843.446424
16686.470181
16495.503535
16399.261692
16305.800568
16163.271324
16074.880307
15979.791193
16104.013398
16168.553905
16200.381112
16159.213036
16252.056306
16122.363295
16125.798071
16015.394442
16024.334524
16215.572700
16157.033280
16142.793381
16229.112536
16537.974556
16630.730730
16752.903997
16892.862719
17073.513701
17344.865467
17300.128076
17465.266770
17863.658333
17920.526397
17896.723607
18060.001152
18043.326585
18333.313196
18607.545576
19011.662415
19275.377333
19375.008467
19398.305102
19418.472200
19412.576041
19329.064886
19262.874387
19249.687530
19206.234526
19304.663976
19301.654307
19232.575513
19306.880071
19427.594891
19513.477891
19656.647134
19809.850071
20013.043842
19971.450474
20073.226970
20289.757778
20248.156164
20268.720905
20335.084859
20420.899244
20564.015066
20442.249607
20532.556734
20925.772035
21176.514806
21425.963575
21480.732063
21722.679774
22178.847746
22717.917123
22899.087934
23323.306086
23509.050586
23635.421586
23968.081879
24019.983667
24163.741347
24570.013103
25008.147742
25341.081531
25629.666670
25849.846082
26483.032209
26767.308050
27025.495588
27271.907084
27439.590161
27547.740064
27531.196199
27536.632467
27903.145942
28061.898449
28342.729016
28481.031781
28551.705682
28710.238045
28714.216339
28619.536895
28680.991422
28561.094793
28375.836131
28290.224717
30911.482109
30576.527611
30428.662015
30319.919110
30233.480017
30235.982487
30186.826500
30063.265567
29643.455230
29428.784429
29208.831482
29168.433045
29194.521197
29261.901020
29053.696165
29161.842729
28939.566279
28490.364435
28128.940331
28069.222727
27851.741982
27846.578413
27729.731845
27433.821723
27148.820833
26830.905282
26752.520802
26572.341821
26535.693357
26456.555748
26636.900510
26779.600582
26567.871534
26441.101486
26679.775824
26998.163503
27122.643563
27453.209424
27841.070522
28058.471898
28088.418891
28555.139123
28771.503735
29309.536392
30004.612513
30817.530907
31399.932793
31706.112624
31758.332483
31981.976643
32440.768007
32437.768823
32751.986264
33312.712441
33364.747407
33570.886507
33884.279437
34351.116445
34396.384152
34550.866906
34376.147090
34472.563265
34453.252749
34508.939131
34719.017664
34694.572663
34588.032266
34293.846339
33844.777551
33469.852399
33153.689191
32681.938065
32327.954887
32176.910084
31957.421442
31753.742527
31743.965205
31717.661062
31508.350558
31252.478128
31124.050300
31209.185040
31631.447357
31842.757342
31544.192024
31385.045168
31140.287027
31134.296205
31021.130414
30759.297423
30842.803140
30813.066905
31004.495912
31141.718176
31177.475404
31073.589869
31181.663317
31073.376229
31008.950555
31073.487341
31083.801209
31355.387620
31279.053533
31352.371444
31751.639147
31915.539542
31911.562565
32029.862868
31836.773646
31610.244768
31531.481549
31611.197668
31314.673079
31161.519817
31067.306571
31478.533399
31383.226337
30989.712079
30636.748044
30679.094955
30560.406874
30499.186531
30446.870341
30523.926824
30603.228522
30860.263175
30839.308839
30910.892417
31079.967404
31587.086681
31492.524504
31725.031612
31703.113365
31591.357696
31419.307459
31430.534242
31154.560472
31004.091272
30462.816120
30368.008647
30166.729783
30106.440353
29887.345786
29790.754968
29501.511337
29200.337731
28960.611040
28508.549116
28171.764797
28653.007930
28682.702631
28834.822402
28913.218537
29196.012512
29304.192278
29354.225802
29323.902747
29516.876237
29414.903013
29514.714725
29627.120166
29488.862197
29653.579871
29650.194995
29552.195049
29622.820591
29990.016816
30098.649309
29928.732530
29932.335119
29539.628167
29179.976170
28756.667558
28468.591043
28136.200706
27932.771063
27734.830549
27544.089022
27462.037512
27511.068970
27881.444933
28167.819745
28241.973856
28361.835947
28527.073562
28971.339491
29569.741144
30013.269773
30385.421971
30529.641069
30658.633525
30626.972437
30465.510090
30387.709095
30574.715797
30934.807458
31152.341595
31515.693143
31714.955544
35796.627375
35631.490124
35385.907775
35509.318268
35246.652355
35340.311894
35305.688456
35550.066778
35450.708538
35314.306444
35303.563671
35380.412938
35099.380527
35147.584049
35266.016612
35047.460879
34611.574110
34212.571875
33929.315830
33991.826509
33503.266556
33218.456170
33049.282381
33338.006497
33694.364996
34039.227138
33846.359899
33921.355629
33683.476083
33780.035612
33963.771087
34118.104101
34243.030268
34219.455226
33946.455013
33740.955792
33318.990355
33200.342798
33113.345266
33152.128983
33517.557828
33296.044643
32844.062019
32466.611859
32156.104795
32013.436810
32302.972813
32327.671231
31981.389630
31556.288776
31175.215514
31038.615523
31079.065139
31077.064823
31123.968444
31299.424924
31070.818384
30709.948053
30417.983984
30038.084784
29938.686428
30016.163871
30029.210579
29845.930442
29710.692744
29303.295362
29355.526672
29070.750338
28450.644194
28180.747278
28028.505993
28594.727752
28290.740384
27987.646502
28061.401432
28260.621556
28587.406165
28710.102523
28511.793476
28394.592037
28278.164396
28456.926764
28109.519642
28423.035817
27957.115398
27936.855707
27613.028608
27534.169334
27491.954985
27541.267040
27665.172315
27782.172523
27850.832524
27853.863447
27919.962432
28308.913330
28529.655899
28564.180947
28436.599350
28507.561540
28611.422678
28412.024094
28236.928771
28299.329391
28727.119785
28883.136344
28548.018743
28571.939374
28807.107112
28772.371364
28475.815541
28359.193391
28170.198427
28415.210075
28315.814277
28414.576504
29065.686895
29231.610393
29360.178893
29363.154262
29592.627922
30151.133780
30072.455523
30271.868041
30701.972678
30956.528946
30896.451518
30873.432864
30679.196515
30961.864140
30636.963090
30620.679641
30380.194679
30009.506514
29997.544913
29950.977472
29604.244284
29628.671286
29360.253408
28991.817208
28577.536151
28253.122089
28148.575788
28339.739156
28125.544355
28154.663216
27846.608486
27857.431003
27355.594747
27325.462069
27275.577200
26990.998340
26755.209208
26870.440904
26917.205133
27059.803700
26894.217437
27307.098722
27164.179080
27094.628949
26861.975933
26791.943803
26775.362299
26575.578498
26482.509377
26372.274104
26260.707458
26379.315222
26398.510246
26699.337674
26926.327654
27245.885781
27409.191492
27348.496623
27153.530615
27095.293300
26853.261969
26623.594949
26522.238731
26227.291500
26009.844572
26058.375873
25891.013942
25963.749519
26132.593416
26358.355902
26707.257715
26589.537966
26476.500284
26831.047818
26954.875820
27395.653597
27945.761114
28343.775019
27978.680385
28347.852248
28288.577283
28960.873909
29322.214527
29706.135174
33128.051944
32826.135622
32974.224919
32615.054849
32321.768774
32354.339159
31998.732004
32138.826777
32209.469752
31731.623715
31506.485667
31183.773148
30895.008020
30904.814482
30662.860032
30966.568011
31100.020003
30945.054297
31073.138837
30887.626993
31235.590741
31049.136694
30878.417115
30842.566847
30980.791446
30871.096972
31070.891143
31287.319135
31193.921805
31345.951205
31476.335998
31847.154492
32433.353630
32411.305557
33062.654004
33037.662480
32988.657788
32582.809212
33168.331497
33129.103157
32986.091137
32838.657168
32905.559604
32952.763976
32847.227738
32934.042822
32745.760289
32383.970314
32048.818857
31966.864188
31591.419018
31200.208852
30697.978801
30605.138685
30735.136652
30370.560212
29975.996907
29666.651964
29320.942895
28962.080064
28885.227041
29018.416670
28938.895836
28989.186338
28849.715257
28410.558906
28316.050568
28113.106863
27784.486814
27808.321297
28106.215036
28131.739578
28127.768286
28589.995558
28630.985976
28751.879814
28832.772098
28889.082513
28967.981328
28921.205791
29019.772953
29062.364697
29220.289600
29286.522179
29427.517638
29597.141756
29805.947414
30289.375533
30408.032247
30166.830634
30063.677338
30032.709157
29937.226641
29846.541779
30052.963710
29972.009642
29915.628768
29888.517918
29777.664571
29499.644087
29140.583452
28749.393495
28422.072840
28157.122139
27966.818973
27623.944691
27442.841574
27182.177927
27001.143540
26740.568716
26657.677535
26671.593658
26929.959074
27174.484649
27352.007476
27662.222788
27535.182237
27296.144694
27359.737459
27423.829018
27545.465018
27741.254512
27908.407473
28065.304746
28469.517940
28572.947925
28790.986804
28836.339424
29370.898924
29464.153977
29900.161965
30104.585239
30531.481467
30884.476021
30956.428691
31181.579805
31027.543952
30858.766755
30771.695084
30575.576996
30634.817754
30472.590592
30388.251258
30532.191637
30637.080094
30367.226089
30184.421648
30132.490761
30138.395635
29857.362128
29801.262649
29723.826967
29408.459148
29338.193054
29587.585362
29817.684525
30300.733632
30438.971460
30596.736613
30704.911547
30824.842440
31281.129730
31836.881087
32282.084091
32741.387730
33056.988931
33253.927720
33506.168589
33538.891532
33698.064603
34078.306471
34346.112716
34777.646296
35051.195353
35190.114017
35354.596551
35432.282410
35530.785937
35810.215267
36093.026073
36315.527710
36657.512109
36877.052190
36971.493698
37167.648425
37397.634631
37736.988194
38161.205451
38402.023609
38553.796939
38202.797288
37829.743698
37544.931023
37347.927609
37130.076327
37017.494079
36878.984081
36678.183896
36536.062937
36196.189202
40043.548369
40022.476833
39642.419658
39105.784950
38975.958447
38796.784054
38821.278185
38424.888786
38404.769836
38677.445070
39343.317915
39698.116725
39818.010889
40083.090736
40246.320513
40226.667233
40323.906420
40634.001295
40681.814956
40906.084992
40917.388586
40809.436804
40562.506140
40707.090637
40828.316497
40928.641849
41047.413678
41544.050837
41665.444374
42414.944704
42264.228841
42043.401713
42106.545353
42134.994556
42332.425220
42900.168665
43060.144546
43247.133397
42929.557119
43312.432204
43489.865496
43820.458496
43984.788512
43873.560851
43567.592613
43445.307100
43353.045666
43375.263971
43267.590969
43235.015342
43171.974379
43001.187424
42953.273151
43036.934984
42910.813725
42877.873039
43116.010759
43068.025908
42784.099122
42456.051029
42257.926909
41970.736445
41597.097662
41179.532975
40686.066131
40308.570667
40082.185271
39862.115223
39379.103580
39154.336636
38587.392353
38185.407049
37687.787677
36944.633587
36510.409751
36144.501028
35818.813232
35613.621590
35480.105216
35401.186230
35274.193585
35032.899592
34664.740887
34314.213647
33942.522572
33476.568993
33051.917013
32846.783908
32593.311379
32462.641889
32125.078422
31498.302932
31220.399550
31079.850161
30858.445888
30398.958888
30077.956041
30185.638632
30208.384151
30301.047296
30480.230226
30632.124597
30380.196798
30255.147743
30250.464865
29851.451426
29611.400423
29265.559814
29121.136725
29098.374007
28854.643542
28815.581953
28862.724424
28861.321536
29032.141734
29296.209157
29465.308503
29571.023470
29823.966414
29939.285740
30045.725375
30181.172439
30346.129504
30762.524989
30852.253642
31257.076254
31495.053814
31863.407005
32454.224890
32964.117567
33231.911689
33485.108261
34003.095986
34420.564716
34859.724715
35489.671813
35849.501948
36437.524890
36669.366292
37181.443076
37446.398373
38051.749042
38686.330218
39209.178413
39592.131257
39944.756066
40073.765322
40667.069213
41293.766732
41488.772514
41702.173104
41731.797782
41494.372598
41518.822596
41318.665780
41222.959942
41123.513906
41030.451936
40519.392084
40414.489147
40210.678415
39998.226847
39978.080210
40213.297769
40371.589743
40203.951432
40091.095037
40007.363815
39799.999545
39440.819176
38851.201747
38763.543620
38387.805655
38476.517333
38416.162054
38257.683363
38209.344293
38116.512373
37700.208323
37593.703789
37447.328403
37395.244336
37645.391923
37563.561543
37392.014838
37164.806253
37026.369862
36725.494506
36483.341350
36836.323302
36927.777725
37084.149623
37482.636259
37409.712290
37092.375695
36865.592204
36928.606712
36948.011670
37051.760106
41278.281905
41222.485457
41244.310203
41375.200576
41367.856233
41739.451657
41694.282995
41684.247277
41494.478050
41403.597285
41153.848793
41243.085766
40971.688340
40648.625492
40483.829511
40338.253722
40048.541036
39758.796337
39226.727108
38977.390753
38398.450627
37838.779076
37385.781299
37421.354979
37189.263701
37044.169143
37117.768529
37060.636965
37160.965901
37272.337214
36977.783098
36986.093944
36937.428462
36974.325666
37122.189775
36925.311659
36831.693135
36780.728086
36546.385799
36677.842980
36519.111615
36605.528584
36849.365880
36685.603468
36463.703687
36091.942032
35954.439048
36075.822978
35905.620064
35758.946904
35764.568187
35884.351542
35917.545730
35933.770404
35942.995609
35927.555633
36042.217067
36056.565037
36121.062275
36116.620926
36136.236939
36029.852543
35680.665798
35688.322704
35635.588922
35521.413397
35353.954492
35304.464611
35586.264910
35511.983037
35436.379963
35089.270769
34976.101348
34669.202163
34535.334212
34296.928286
34050.344616
33604.866601
33208.176212
33065.598774
32889.777659
32722.014266
32477.450808
32039.291993
31849.033276
31715.483573
31430.356453
31164.011179
30945.406699
30977.861854
30685.443271
30385.410323
30158.084905
29940.670856
29960.841235
30166.473683
30114.518626
30117.024067
30054.666982
30291.223829
30844.737147
30992.963035
30970.848216
31082.427374
31683.866790
31841.422470
32327.394484
33049.554171
33411.762737
33768.229502
34413.727831
35031.629675
36108.659956
37131.395585
37870.316002
38813.294320
39084.017839
39592.667928
40121.112963
40695.845550
41263.794449
42106.655707
42324.342529
42923.870501
43248.833838
43671.207833
43840.094500
43806.423108
44003.113718
44194.550189
44400.916797
44976.435663
45179.045252
45053.387107
45384.309909
45409.357158
45589.873614
45799.654443
45914.365839
45984.659312
45870.469483
46213.373460
46627.371454
46894.798959
47087.376659
47371.023512
47649.460572
47409.611072
47409.071695
47598.320071
47989.537401
48305.044845
48681.710250
48731.354149
48752.508010
48843.863002
48933.367891
48910.228908
49192.544914
49563.635315
49614.543745
49576.200872
49819.543769
49579.005797
49594.706487
49417.818222
49294.817507
49242.696239
49175.718290
48807.983356
48686.635168
48823.746547
48558.959220
48323.262239
48109.475598
48658.676328
48760.154276
48871.154405
48797.357470
49260.336655
49641.880606
49781.566968
50049.857247
50295.219287
50424.226950
50546.811681
50436.024038
50736.383620
50791.509537
51067.549747
50805.085985
50726.482666
50660.754611
50636.983547
50610.412801
50283.370593
50103.292259
50194.159019
50311.921656
50359.639299
54956.347530
54638.228193
53984.610901
53461.854865
52998.256240
52650.080683
52178.847237
51621.951934
51097.517082
50419.096130
49576.458971
48830.530140
48138.646770
47373.130118
46996.426553
46580.209147
46316.194768
45838.679147
45795.584406
45478.526754
45151.510220
44469.762160
43667.442680
43023.133291
42805.506038
42565.250344
42365.274101
41970.798631
41901.372425
41838.884196
41905.528222
41642.663575
41575.271573
41152.331524
40809.271810
40329.796455
39956.761534
39811.688164
39473.868461
39198.378960
39058.361973
38960.647795
39189.258543
38950.474047
38971.766031
38900.044396
38653.544137
38342.717911
38037.883976
37856.527032
37836.896759
38100.883293
38089.537168
38001.809329
37677.863961
37337.449194
37026.176734
36728.236525
36680.797248
36601.518170
36289.399124
36133.407599
35742.725455
35335.844084
35164.396978
35002.149678
34855.512782
35362.023418
35423.216364
35316.432017
36004.865318
36414.045581
36299.708008
35968.561823
35637.443536
35231.700771
35048.841223
34771.622691
34336.276851
34165.557126
33845.243975
33525.664130
33368.000531
33517.133838
33243.834009
33834.316818
33628.573526
33436.035046
33110.092117
32895.658099
32835.714410
32623.038494
32682.027745
32552.291064
33153.821609
32990.914842
33049.933806
32927.974370
32762.712907
32455.334124
32429.300751
32364.671008
32274.527654
32137.083624
32215.951011
32244.675029
32283.441278
32814.433920
32832.622028
32944.775240
33035.132557
33316.693576
33234.407917
33614.879678
33626.614125
33397.161850
33262.590032
33254.523276
33209.981426
33360.572550
33172.496864
32837.389668
32772.920185
32453.583979
32247.645957
32152.742090
31839.187339
31915.506403
31892.515397
32065.356294
32182.849263
32288.310722
32283.495186
32190.908662
32355.512248
32322.787616
32461.852157
32534.696804
32590.452160
32697.207983
32806.888760
32724.618832
32827.191812
32891.361633
32920.448454
32553.880933
32377.771200
32113.729699
32096.607920
32367.581445
32412.014138
32486.103627
32987.735701
33468.321465
33718.258332
34056.537573
34223.863635
33893.623395
33862.467715
33907.646290
34144.385544
34091.934895
34044.306777
33802.581634
33835.507455
33833.277180
34342.260380
34686.437557
34342.503914
34095.021856
33939.631547
34003.285264
34194.666099
34261.905343
34601.696350
34528.258592
34156.453505
33907.360242
33759.286347
33474.490657
33328.056321
33089.943701
32905.379849
32554.714778
32499.755510
32242.352048
31962.857975
31606.444488
31257.490891
31137.451641
31085.386902
30905.203831
30780.143640
30757.371752
30898.209047
30909.271143
30884.505625
30696.817599
30561.125739
30724.720432
34755.119705
34561.779406
34500.141416
34410.393168
34056.897039
33713.495325
33211.597029
33001.495609
32895.812985
32682.861552
32499.240043
32138.015296
31894.420413
31500.636647
31307.734227
31057.622025
30880.587983
30707.640937
30572.062811
30444.702808
30287.377472
30022.996833
29653.599933
29286.539544
29072.361586
29174.053311
29137.080057
29173.151545
29066.541026
28924.382602
29046.285041
29416.641377
29715.444602
29969.927274
30352.077969
30389.830934
30409.986446
30495.334182
30475.751787
30596.909296
30554.903046
30381.134365
30663.058039
30608.387490
30469.081841
30387.988533
30499.200871
30499.444749
30493.013688
30659.770847
30546.554853
30754.827111
30892.819089
31214.523232
31311.777463
31296.506237
31422.575042
31558.940408
31501.820839
31450.016071
31193.687817
30966.830877
30917.183451
31000.347807
30850.608848
30778.199975
30580.913505
30634.503124
30724.107380
30438.156913
30271.919655
30240.911908
30254.050626
30454.724565
30531.004023
30485.994999
30609.828582
30759.631271
30849.653629
31005.696437
30985.337106
31019.921231
31023.697718
31183.132440
31129.571897
31056.728596
30819.386284
30672.695401
30517.437102
30389.463286
30275.523455
30525.351204
30417.264036
30663.138089
31012.440008
31458.974870
31560.422205
31538.855997
31439.748491
31346.796361
31354.774190
31423.431559
31483.385471
31588.898550
31464.555584
31315.159177
31073.518865
30827.611549
30767.517246
30766.980600
30702.604119
30700.477834
30512.489237
30372.339285
29990.585066
29595.593067
29700.515375
30001.383724
29905.404733
30119.899203
29818.072870
29922.063344
30035.689589
30208.532560
30170.545148
30097.284557
29665.969349
29730.859117
29498.355377
29987.245451
30254.432198
30441.847843
30596.696627
30769.497090
30916.037922
31128.510536
31545.975205
31746.366641
31645.620858
31838.355501
32114.888706
32203.128585
32185.556469
32467.157077
32770.842361
33173.292399
33668.776799
33804.471292
33740.235963
33892.530047
33622.840800
33392.722289
33247.694018
33161.352454
33038.739734
33023.575296
33198.553394
33693.547293
33930.669928
33994.959961
33617.933532
33363.479992
33452.204032
33249.640889
32937.049041
32823.349530
32782.162446
32729.787657
32681.031607
32334.258458
32164.839653
32239.299631
32194.546414
32498.124976
32540.336374
32196.727399
31862.432205
31726.541967
31624.614869
31540.619420
31553.121782
31283.065693
31146.516330
31136.582670
30698.255497
30710.217232
30656.474998
30473.192425
30509.093588
30705.529105
31046.413434
31249.073154
31317.286163
31393.049306
31165.741939
31100.156803
31055.254845
31398.186220
31323.755341
33007.289142
32576.171744
32282.829823
32407.715783
32114.718229
32032.213690
32042.497123
32170.325208
32151.299144
32147.993010
32093.122772
32238.019574
32332.671537
32489.288940
32722.789199
32758.104641
32741.403331
32739.305713
32678.650231
32647.694190
32550.305559
32511.064791
32372.817434
32527.462837
32717.015185
32763.960504
32291.962479
32137.462394
32159.746137
32203.625497
32100.703046
32040.303188
31981.629205
32227.402646
32355.350161
32370.178732
32061.140383
31824.404933
31618.549392
32042.151334
31909.349650
31802.952756
31601.048255
31467.540940
31088.426638
30919.507267
30634.775041
30945.083348
30788.789965
30875.362231
30829.064708
30643.564414
30260.950899
30019.173942
30086.528971
29747.347620
29206.180239
28753.871227
28501.824725
28148.549175
27766.560932
27664.821120
27696.027123
27806.092434
28027.603498
28306.458617
28616.759216
28458.721255
28174.102839
28196.852599
28192.206048
28079.666334
28047.086939
28044.956121
27753.869099
27711.999174
27669.258039
27852.375529
28303.795968
28668.210091
28389.391744
28190.765294
27786.540754
27536.876462
27338.079698
27214.309046
27022.707319
27022.403326
27222.549826
27605.924296
27741.632002
27979.377853
28406.918765
28834.674787
28821.082224
29019.718309
29109.501021
29394.241656
29613.506044
30044.226820
29956.286068
30107.922745
29913.208960
29822.724983
29874.090694
29689.856748
29637.854107
29715.808460
29576.065096
29488.826547
29519.502867
29644.343410
29720.475259
29526.729927
29706.354215
29993.758073
30553.842718
31021.099602
31079.597563
31022.739254
31216.923860
31364.175706
31638.178685
31698.356026
32271.520577
32422.932784
32458.178301
32691.128210
32956.779642
33414.297523
33713.837549
34093.961358
34329.565251
34639.020321
34725.834011
34935.487409
35277.414999
35595.199151
35524.972527
35397.716057
35598.994960
35899.684428
35894.613932
35725.200883
35471.756525
35384.603993
35061.993401
34887.227064
34872.951985
34675.496543
34460.890343
34174.277199
33953.418241
33506.194387
33084.119962
32601.372788
32415.194344
32507.940509
32295.598386
31962.289055
31659.237347
31567.785284
31455.258765
31468.601709
31321.367702
31521.816964
31679.290821
31652.832163
31442.221927
31420.401027
31446.008427
31415.260946
31158.862605
31015.695945
30815.197423
30917.570885
30777.904105
31001.852037
31101.022180
31286.610287
31010.515067
30938.248137
30755.284750
30737.693061
30858.149585
30962.516615
31020.480981
31252.300069
31186.728203
31127.383949
31051.453968
31137.755779
31273.044461
31449.968708
31548.376155
31707.608328
31928.867127
32169.855143
32223.115327
32393.116424
34829.617465
35146.203259
35252.881331
35334.919617
35607.055989
35804.432602
36297.105089
36449.783168
36693.141069
37315.272250
37793.932167
38184.608108
38430.393389
38730.297249
38982.688269
38994.616600
39029.113221
39139.316384
39507.119192
40021.582840
40230.319385
40360.317141
40449.564029
40232.772102
40149.408007
40228.772900
40242.612687
40077.682052
40171.433244
40079.304719
40065.006150
39756.336234
39561.033148
39783.620706
39840.576926
39842.716707
39709.114205
39771.948691
40056.492433
39988.283498
39911.708538
39752.515268
40065.720877
40259.344637
40321.847994
40227.257555
40173.647618
40123.945630
39868.422858
39591.272303
39506.363590
39566.096391
39556.956277
39433.194738
39562.935001
39618.627467
39689.825505
40075.632269
40154.160460
40142.675966
40331.444128
40381.103295
40589.028522
40624.353566
40755.277065
40595.081839
40479.786570
40600.581556
40992.262282
41437.394266
41575.759847
41567.740482
41344.165222
41394.298138
41112.512643
41093.436030
41008.258346
41046.633664
41075.721589
40914.123745
41225.048930
41355.788640
41335.422738
41284.153562
41386.816472
41623.730550
41832.512650
41883.126233
42225.997373
42311.458288
42447.010864
42568.150517
42983.570442
42880.658587
42940.806049
43108.048100
43534.182950
43675.528704
44266.054230
44327.308381
44616.778256
44979.056990
45425.500219
45766.174228
46053.210615
46101.208907
46327.156305
46215.484764
46636.796801
46511.004020
46600.285191
46709.137598
46790.123856
46342.315702
46405.207760
46310.837568
46184.487847
46294.373258
46694.619301
46953.182454
47174.970390
47416.359125
47513.019600
47588.980385
47714.880385
47733.234405
47733.611901
47590.888168
48085.916309
48143.820494
48519.519665
48579.975054
48589.309635
48317.553957
48449.817436
48350.640289
48352.927883
48275.050116
48289.827022
48143.967044
48227.078495
48579.383394
48441.253440
48260.328023
48079.099857
47989.740943
47843.826445
47701.466495
47654.538268
47207.211355
47432.050787
47699.436483
48336.645051
48927.122602
49180.209609
49593.218737
49842.059761
49957.478341
50154.816189
49993.906752
49797.152591
49801.898883
49886.949037
49862.530997
49972.557388
49860.745205
49874.907945
49599.797842
49623.102067
49555.805787
49300.003733
49148.066292
49393.945330
49559.408848
49152.771739
48756.321387
48489.556298
47753.333385
47263.486324
46747.410047
46417.800329
45614.129920
45100.337150
44742.602645
44587.056827
44349.637319
44367.653492
44244.031602
44075.069237
43518.798128
43406.168026
43395.361585
43133.111153
42861.777164
42550.888306
41810.194871
41112.696892
40397.779695
40152.608357
39817.530880
42562.046493
42046.802992
41312.070686
40797.612249
40689.041441
40291.412898
39842.720685
39971.714062
39592.869535
39570.147627
39515.432403
39600.147057
39423.324018
38921.310758
38481.907966
38744.573352
38364.128998
38475.220587
38360.965440
37916.528933
37769.620133
37478.852852
37714.733739
37666.283326
37382.298572
37560.395408
37722.191324
37750.411169
37587.255317
37488.002355
37186.198316
37125.551145
36768.089274
36831.618144
37440.770570
37489.759492
37322.173478
37339.017746
37159.259015
37214.982339
37149.601849
37683.666855
38131.538414
38504.173258
39030.152831
39242.029503
39705.794694
39627.269666
39634.106182
39736.451854
39678.197888
39480.487994
39595.283202
39716.126885
39511.042109
39680.231180
39663.262759
39521.676091
39244.145228
39052.149731
38862.746166
38792.561799
38536.416062
38744.693298
38812.842947
38523.494917
38453.104485
38609.127692
38521.965425
38275.929899
38145.702032
38175.832616
38207.688044
38209.907564
38483.106303
38658.452949
39033.236184
39188.641041
39090.185460
38685.009520
38355.280613
38452.669523
38799.581145
39059.876598
39279.859238
39361.799610
39519.619433
39542.320814
39399.518499
39480.577868
39216.992112
39147.993487
39038.287930
39047.895102
39053.335641
39458.449252
40059.005220
40661.129469
40840.229858
40732.092875
40875.641173
41045.290487
40949.998511
41285.526037
41607.798754
41852.228425
41805.146415
41911.414585
41429.283071
41954.999310
41803.982677
42260.881583
42479.159072
42479.507001
42278.814004
42118.904676
41830.171207
41613.450882
41304.652848
41051.020205
40545.229979
40328.713579
40245.807311
40341.595377
40073.570510
40153.546887
40196.747974
40133.039987
40023.725242
40309.715451
40345.370855
40529.561136
40834.153667
41338.151866
41143.099175
41053.305000
40753.067201
41106.668743
41249.809816
41630.464423
41867.043163
42035.969436
41860.810180
42071.353985
42127.370599
42362.280500
42408.688044
42092.230112
42327.881352
42653.867676
42803.864489
42978.161460
43011.904368
43182.854247
42952.746829
42777.540860
42900.691268
42764.401803
42508.287595
42688.069294
42560.559947
42356.096655
42303.754568
42221.562918
42165.594576
42121.016808
41886.965967
41929.735316
42079.605413
41940.534946
41907.155258
42160.828867
42295.763895
41739.681582
40969.152405
40874.310471
40722.218477
40696.746769
40582.980019
40357.176116
40129.811428
39837.830660
39307.284225
38992.818053
38794.824209
38595.682999
38228.436104
38103.245671
37881.930446
37557.359414
37293.452228
37119.987460
36987.490047
36800.656722
36970.443493
36807.509554
36816.181135
36846.752470
36859.018768
41248.761948
40985.378752
40464.219619
40380.153736
40300.346049
40254.901295
39787.309172
39418.794694
38722.447116
38400.136525
37998.663032
37712.267135
37313.551818
36996.650697
36706.108359
36431.497058
36084.259460
36063.764134
36087.768084
36378.301249
36593.566579
36549.794132
36390.888739
36122.214890
35721.743362
35614.444429
35541.322207
35590.036489
35639.432704
35894.433618
35962.731545
36037.049869
35759.091494
35695.795742
35911.943210
36301.244089
36223.777963
36324.734163
36578.109219
37076.905719
37198.982002
36940.111333
36615.215570
36314.407733
36046.534405
35982.093959
35975.910830
35871.915289
35778.123446
35772.017273
35728.965429
35558.607354
35210.747575
35133.782745
35078.434784
35193.450300
35748.024844
35682.796150
35735.028892
35861.242153
35659.615340
36139.273788
36051.094413
35929.861261
35727.725060
35368.087827
34813.330494
34651.287499
34379.609399
34095.483831
33777.046894
33580.022000
33446.860116
33033.509267
32747.559294
32486.310741
32333.163831
32206.733091
32183.016044
32072.610340
32103.885705
31990.522793
31822.506457
31929.702703
31993.472469
31774.214532
31756.390080
31794.347047
31915.374792
32120.711935
32250.021436
32507.551737
32627.021209
33119.677992
33552.043112
33973.025270
34100.577928
34219.976483
34182.510992
34102.726619
34209.209896
34615.616068
35014.835264
35178.897422
35056.964316
35217.088649
35271.547942
35229.445055
35278.286528
35088.882005
35092.743787
35198.051696
35056.411856
34985.512832
35225.452877
35380.199841
35347.825143
35319.226043
35324.927486
35559.249739
35562.373526
35605.023477
35674.823284
35652.015453
35965.351935
36114.758848
36006.322867
36140.889076
36343.213250
36341.421215
36170.091331
36109.292646
35722.137818
35402.113280
35159.089969
35051.492333
35040.337325
34966.728301
34747.725220
34760.684057
34787.355736
34904.207557
35364.314826
35770.193203
36018.240405
36346.198973
36318.740005
36492.277515
36579.647953
36764.159673
36860.426199
36985.561752
37139.593468
37387.480461
37528.086830
37963.902097
37966.334443
38054.727525
37889.912717
37811.554336
38042.615835
38392.779161
38733.818634
38991.425742
38863.697592
39541.536242
39360.220214
39258.895478
39242.331096
39353.987090
39267.291657
39468.025114
39476.408172
39686.795606
39644.934257
39881.969897
39768.667481
39874.312538
39522.894951
38903.138438
38454.244261
38092.555578
37479.602309
37245.986899
37020.977750
36717.524941
36377.393792
35965.300573
35613.443388
35630.724159
35075.333050
34764.750711
34309.003371
33976.180654
33597.065739
33357.032060
33037.054966
32959.657120
32799.399754
32799.029767
35964.956710
35682.516717
35315.194803
35016.337024
34929.633898
34533.740438
34331.018122
34109.569177
33988.494640
33870.097359
34187.725824
34153.841494
34192.855301
34342.726262
34402.162498
34369.136726
34157.511262
34092.482758
34061.505679
34018.563728
34656.847306
34782.679451
34755.419988
34781.060753
34918.493990
34919.561448
35064.826512
35248.032246
35300.293378
35402.051259
35525.352617
35259.563418
34964.298972
34545.535004
34061.230803
33713.616322
33491.288447
33290.665201
33144.790764
32923.770834
32762.445037
32707.777687
32488.439783
32215.386422
31991.573963
31759.720755
31810.609227
31921.106217
32116.517573
32261.154439
32379.751619
32297.234627
32395.796425
32950.449741
33390.915489
33348.389322
33493.444366
33683.474109
33879.476874
34169.593226
34433.807682
34508.858475
34747.376335
34698.113401
34696.764594
34779.487148
35165.285340
35275.456367
35459.887470
35709.751920
35973.091775
36181.205814
36345.345523
36290.207659
36327.881590
36597.205157
36770.062546
36739.900596
36687.913409
37104.333425
37228.971655
37208.836798
37191.736135
37189.686583
37289.053234
37106.549592
36896.724073
36936.707477
36990.346613
36882.582224
36888.527622
37030.062026
37288.668728
37334.505880
37327.215880
37314.925674
37510.422528
37320.646500
37853.708292
37428.097387
37247.582714
37104.340833
37093.119870
36818.585445
36672.950291
36600.389051
36703.985284
36832.574255
37150.412209
37384.773952
37558.927411
37579.502609
37719.303949
37722.499536
37834.943187
37385.164655
37361.200540
36997.595415
36894.350938
36631.186332
36549.728977
36503.046449
36602.423539
36627.027852
36616.515675
36674.101656
36805.663240
36791.936941
37079.685192
37361.363677
37467.832748
38043.276405
38743.128271
39074.465975
39580.201500
39953.512993
40131.809893
40441.082143
40787.906467
41082.734673
41325.809704
41684.629023
41683.307376
41974.553772
42104.912358
41956.113799
41921.253207
42083.127801
42117.685137
42119.189115
42162.566914
42197.097392
42401.289581
42406.076083
42415.431102
42281.804645
42220.977158
42053.379280
42045.443650
41793.826369
41695.617404
41379.036533
41407.755295
41454.994981
41533.496213
41698.499833
41636.147391
41767.900805
41879.905765
41925.286948
42311.018679
42525.942254
42688.252985
42836.240336
42777.369495
42433.352001
42115.076558
41822.663906
41559.624829
41081.612215
40955.586506
40763.873847
40667.609567
40631.997716
40336.809595
39793.722056
39771.279091
39653.997489
39445.230948
39540.118420
39645.037989
39696.311580
39478.872472
39241.113162
38940.512406
38726.467178
38297.371270
37707.781138
37363.815610
37242.679732
39474.035941
39244.961595
39060.952731
38879.281565
38558.995918
38046.304946
37878.883816
37804.829821
37495.278526
37263.887149
36832.328086
36620.946976
36336.813352
36042.047194
35787.646795
35727.813475
35586.191429
35371.332838
35206.232863
35004.144749
34601.549276
34576.079656
34366.248222
34262.645615
34242.211373
34237.453746
34262.490862
34517.162398
34488.057219
34472.458280
34454.623601
34735.966931
34870.780349
34694.778586
34558.357304
34655.513949
34645.687271
34666.806829
34508.878252
34599.889241
34717.969289
34660.706119
34602.251205
34894.911194
34992.283281
35160.159313
35363.218014
35267.147310
35208.091905
35458.718682
35507.669023
35213.371846
35316.777763
35383.821228
35392.888990
35923.440619
36458.147020
36383.094571
36637.531999
36459.298536
36312.451257
36318.969870
35953.323337
35723.402269
35467.389018
35802.890155
35611.408393
35517.685032
35488.518427
35813.543486
35746.580037
35639.160840
35341.249856
35829.799128
35368.101329
35058.045282
34595.978312
34816.022534
34574.076309
34257.615631
33803.111320
33607.085165
33436.832868
33489.712793
33519.682056
33387.074423
33247.861879
33243.884471
33367.423581
33380.836715
33082.787037
32799.079057
32799.811379
32197.742379
31883.063103
32016.321712
31949.787980
31969.929953
31464.241299
31097.848842
30753.572086
30627.097403
30419.824886
30604.143446
30327.426469
30174.964950
30221.432389
29893.011750
29572.870966
29217.278398
28753.277223
28284.111401
27568.874459
27000.332697
26426.516062
25894.939278
25412.247216
24926.830934
24528.638407
24246.888839
23921.967927
23859.783256
23567.417623
23318.344781
23237.941267
23260.973616
23021.054347
22806.201629
22769.848411
22764.901088
22329.820740
22069.796369
21847.812433
21660.147302
21473.900721
20957.970391
20791.424812
20490.014356
20418.568540
20580.777368
20360.334578
20327.576673
20428.652741
20388.769124
20229.797334
20028.134918
20100.959545
20151.656666
20120.916970
19776.749553
19624.535604
19833.187256
19901.225932
19916.776400
19863.035619
19780.781878
19798.248666
19692.771527
19489.560402
19228.584342
19234.735517
19127.288937
19084.399000
18883.296697
19187.316176
19136.522917
19055.485006
19283.640167
19486.367963
19320.665251
19187.008459
19076.693330
18848.348860
18767.241221
18556.883081
18337.576182
18374.281687
18506.814661
18543.320987
18610.664742
18596.343269
18388.777086
18400.581369
18604.324850
19109.802725
19644.304745
19706.352253
19878.822876
19967.254281
20156.193528
20132.226989
19976.082306
20121.756622
20331.660948
20604.222998
20635.796162
20725.053413
21002.887017
21141.240705
24885.327690
24615.676991
24267.646083
23985.157896
23825.021570
23651.025394
23413.807457
23114.403359
23035.683191
22983.475502
22930.709570
22895.601543
22881.425387
22387.628627
22044.502098
21808.759346
21316.799810
21163.559820
20768.852417
20477.778424
20387.650287
20370.891302
20429.354580
20263.961361
19899.637802
19916.946108
19911.745862
20082.789941
20029.211228
20153.680079
20282.137251
20294.928428
20380.938869
20376.915455
20172.332428
20085.570708
19724.233349
19580.951094
19634.327068
19664.167578
19545.249395
19527.963396
19565.663265
19228.329121
19199.147959
19168.116052
19028.486720
19258.980031
19078.113382
19334.435164
19874.701641
19853.590089
19977.981172
19873.760545
19677.594086
19570.149676
19740.253957
20446.033416
20740.535667
21066.755942
21321.888733
21832.139395
22463.575562
23156.024235
23612.144592
24026.411872
24658.322651
25269.884950
25637.363252
26217.969599
26618.973080
27101.059720
27933.681244
28245.483456
28542.213205
28966.541760
29177.595064
29280.817272
29711.439153
29763.094647
29855.332071
29833.506644
29811.082292
29649.347786
29553.500004
29589.915200
29607.921401
29689.133174
29860.500045
30119.714258
30121.928545
30296.067412
30527.769924
30272.934369
29990.181768
29920.523660
29808.591595
29686.985544
29550.016659
29577.794258
29603.371211
29178.955592
28882.560754
28686.840559
28718.349511
28809.883016
28722.573179
28684.585697
28481.560333
28520.082317
28626.352711
28729.348801
28692.853910
28727.560234
28589.797908
28565.268797
28385.409279
28355.507442
28232.485012
28377.131349
28419.313997
28637.214964
28705.773824
28755.453760
28840.516366
28915.180744
29189.496217
29333.833170
29877.678767
30177.394829
30334.199597
30662.093539
30819.420234
30861.876674
30753.849506
30879.439384
30542.624278
30111.975417
29849.655077
29540.952716
29133.697237
28944.447669
28591.939011
28332.287158
28041.464957
27700.148572
27692.180359
27670.375263
27704.103559
27554.643479
27392.044638
27366.140445
27354.433423
27227.068615
26926.699498
26769.356680
26360.845708
26064.760286
25990.381095
25784.003217
25722.610899
25714.394080
25731.301827
25870.254382
25880.620095
25933.161639
25851.570224
26038.893673
26124.803891
26305.724481
26231.489238
26111.173599
25993.391390
25877.623781
26071.224945
26182.765659
26357.748944
26316.932085
26482.705089
26635.636501
26559.878205
26424.468609
26485.194198
26532.428606
26655.065999
26689.693091
26775.298633
26516.463113
26277.059565
26039.661489
25703.925473
25479.427239
25281.459798
25350.029946
25382.112762
25492.705163
25641.364023
25836.907586
25863.795540
26065.990077
29126.141554
29002.065848
28952.319419
28783.507369
28797.084942
28687.273832
28498.274847
28083.090516
27853.539912
27774.894289
27466.137810
27233.881899
26949.634863
26798.635473
26597.421346
26311.056162
26044.471981
25737.142500
25516.375571
25402.411694
25390.385227
25161.936554
25060.651491
24685.877740
24538.474049
24407.801327
24443.548515
24387.771090
24439.104104
24171.897918
24065.824591
24159.251008
24096.190419
23907.643643
23753.081069
23564.348584
23519.354684
23472.375185
23338.999563
23091.618212
22952.029459
22861.710339
22778.032665
22688.687894
22846.049578
22569.523570
22354.035627
22210.580904
22150.467545
22095.210835
22062.093430
22061.859347
22071.644811
22098.184139
21872.843559
22015.922950
21948.420920
21957.282227
22226.143606
22173.016818
22366.071859
22629.878070
22987.215539
23345.807704
23510.791828
23516.699296
23763.985899
23586.468957
23512.949431
23340.258822
23209.579215
23160.512018
23078.925633
22739.257783
22619.024306
22395.829953
22412.363946
22401.549670
22418.495716
22330.092499
22591.819246
22631.855735
22918.517850
23024.803722
23075.622360
23175.335359
23183.639180
23064.555260
23140.809850
23049.310534
22761.986184
22704.992757
23135.633315
23201.534002
23203.374949
23189.857182
23245.434911
23434.865126
23612.506184
23856.006365
23937.609968
24030.611823
24636.022408
24778.189915
24909.233361
25137.332477
25235.532520
25519.504913
25862.615942
26055.540047
26132.159123
26139.672736
26101.626354
26216.097977
26230.426412
26321.744307
26333.402189
26552.230119
26684.195084
26583.667683
26606.339200
26579.155574
26645.672305
26719.373003
26963.690628
26797.815900
26862.705497
27089.985909
27159.498378
27262.652871
27131.982972
26893.623039
26767.236005
26581.505577
26427.853828
26666.951333
26662.654746
26673.671029
26838.560026
26441.161437
26105.726894
25761.746432
25589.341463
25131.788116
24748.426161
24538.538186
24053.862257
23602.780909
23390.292844
23147.735065
22954.571841
22678.207955
22613.262263
22076.046208
21840.279192
21629.351507
21499.507461
21390.802676
21302.086072
21137.166082
20802.315621
20438.623369
20518.013770
20258.999356
20093.990564
19776.314565
19617.647857
19198.416444
18833.456406
18373.007116
18001.427348
17730.328530
17598.710142
17693.229537
17999.819041
18191.232010
18489.670410
18691.363360
18726.332447
18925.274648
19219.003072
19260.131350
19227.348312
19107.576975
18971.900087
18816.850181
18551.642966
18687.241210
18757.251698
18632.259701
18878.654560
18628.396341
18805.980446
18422.489267
18235.905980
17776.494995
17718.034951
17359.192027
17009.746151
16739.725510
18061.727470
17757.962665
17396.715512
17258.330717
17118.825946
16992.986609
16975.658847
17044.809238
17085.031522
17279.058377
17430.054478
17617.653714
17858.712205
18052.153066
18393.196393
19039.238534
19284.676607
19426.270228
19256.576324
19447.249469
19631.800721
20145.877351
20417.650151
20422.979408
20167.567692
20052.024602
20000.972391
19890.864948
19694.494250
19464.044047
19302.959492
19180.744851
19070.880157
18896.645953
18642.954832
18351.524737
18104.654383
17971.053036
18019.841561
17756.963208
17413.409166
17287.185766
17185.916674
17025.726723
16938.299210
16923.239151
16793.700723
16729.050981
16661.151373
16698.854589
16946.817742
17270.716070
17532.643012
17323.497136
17250.188946
17410.028518
17490.268269
17722.354855
18048.695936
18215.786629
18282.754161
18628.753708
18820.014061
19163.789829
19406.851318
19710.998948
19689.680373
19650.572825
19688.142223
19736.115504
19869.572474
19706.125223
19513.783668
19573.243504
19561.969564
19470.953439
19240.339100
19094.741753
19148.436038
19137.151491
19049.278230
19227.375103
19446.143603
19448.177599
19658.823621
19784.133420
19935.189494
20296.579039
20773.303028
21087.006504
21147.016964
21237.873959
21423.050849
21557.898306
21501.748489
21744.378712
22022.838208
22384.861003
22582.759129
22615.981957
22402.629918
22577.580775
22703.564482
22719.543120
22888.977729
23110.689627
23259.417891
23044.399937
23152.976019
23301.013492
23443.974582
23575.964089
23635.656080
23581.802688
23387.234122
23384.574377
23359.349580
23369.064454
23334.470054
23408.789689
23284.546283
23198.781714
22748.379883
22459.396183
22257.661668
22306.480545
22156.297695
22009.522026
21793.873375
21659.136569
21564.677780
21681.957616
21713.173461
21658.452043
21497.368657
21392.762969
21219.509134
21321.670932
21334.446209
21343.335663
21253.451233
21296.570828
21344.640326
21350.278898
21265.851228
21269.797882
21196.602106
21158.548471
21320.475949
21426.052152
21424.682878
21255.256577
21153.446689
21052.060629
21238.108578
21506.363934
21431.830051
21244.030705
21108.409562
20906.369476
21074.635316
21241.883942
21023.358373
20899.539474
20836.770343
20738.794571
20501.894058
20160.669943
20026.691348
19868.639134
19653.093452
19549.328975
19561.172330
19475.882341
19113.405871
18995.704205
18640.632720
18395.816771
18150.543579
17980.424243
17885.740286
17863.100331
17744.364922
17518.554519
17528.509146
17501.907218
17552.733426
17741.147735
17531.164858
17477.661517
17398.335304
17320.489127
17450.719573
17501.811045
17526.402846
17355.184664
17328.170529
17401.981610
17457.415863
19749.952913
19755.565071
19725.033877
19707.350810
19806.724446
20009.227440
20001.303323
20087.089137
20154.715072
19987.144024
19724.524078
19365.803757
19177.799843
18810.882400
18709.028476
18460.220190
18514.064082
18631.651074
18713.343030
18564.232741
18215.350516
18082.767304
18012.374037
17984.108276
18140.714627
18046.145562
18036.493186
17931.268527
17974.199218
17768.399061
17571.037932
17389.780153
17197.298988
17184.096784
16874.111553
16741.507936
16596.773715
16575.335030
16499.893768
16247.150060
16143.216087
16147.588616
16066.660165
16217.099706
16330.048642
16110.440328
16042.624194
16008.602788
15927.349119
15916.283624
15820.571404
15962.048716
15969.710986
16038.248966
16158.877694
16251.286751
16440.122413
16295.190802
16133.482243
16097.953228
16125.024194
16256.341612
16299.434336
16421.525364
16491.664782
16608.995268
16588.176877
16525.924896
16557.169828
16539.201533
16522.849299
16615.569579
16630.418551
16572.509388
16841.052546
16944.643056
17065.638355
17032.842711
16960.188811
17028.426429
17011.479618
17133.427205
17140.042120
17258.436092
17283.314288
17066.293671
17047.857419
16952.480234
16949.993478
16756.329098
16696.579310
16684.867991
16757.683415
16755.152186
16518.433792
16494.543475
16441.518262
16395.705094
16547.641408
16525.702475
16443.785978
16348.271189
16138.198806
16074.073180
16083.624423
16113.396143
16064.169473
16056.772764
16200.283145
16142.257223
16109.250245
15976.932830
15838.599914
15725.175801
15626.140540
15765.943317
15835.548112
15867.068746
15923.448642
16044.852680
16169.468870
16246.560132
16430.051733
16677.521696
16756.037768
16741.855487
16763.935262
17023.813009
17536.551770
17970.249672
18190.815619
18477.568956
18556.517959
18949.613630
19651.089811
19875.409830
20205.106006
20366.046784
20330.246405
20223.149771
20232.756989
20209.483845
20153.331222
20010.276425
19992.746918
20060.176238
20086.790956
20132.992585
20042.664524
20103.554827
19956.777086
20049.369604
19971.042300
20166.180381
20193.341951
20436.580735
20470.473267
20693.906467
20636.105261
20434.629410
20368.944998
20263.623238
20144.285214
20088.004286
20180.478582
20116.760535
19908.432312
19944.936187
19876.297221
19729.172556
19399.929614
19335.615486
19315.889614
19451.444153
19357.389592
19488.959328
19511.930970
19557.126578
19576.093779
19529.630266
19551.184047
19321.813080
19140.687132
18987.295913
18677.099744
18429.429071
18122.620362
17839.026599
17698.408603
17598.299937
17297.792783
17270.350203
17126.667987
17267.095372
17392.717074
17405.994946
17405.154022
17651.841419
17847.719936
17959.373155
20151.839791
20244.047802
20671.778745
20660.915298
20563.018553
20637.906841
20839.987969
21134.588571
21300.933652
21505.910499
21421.803209
21341.415010
21424.924651
21336.764693
21267.346066
21268.492489
21191.883550
21362.622706
21316.907257
21420.885424
21650.950957
22005.599487
22278.790101
22193.850596
22140.832576
22135.767418
22427.124145
22545.411075
22770.654247
23198.090162
23951.409183
24377.156371
24590.875023
24640.597939
24550.446473
24334.837875
24437.927354
24437.944711
24523.921986
24738.227847
25022.273318
25155.818475
25207.611865
25210.619507
25195.998336
25080.833713
25247.031243
25287.142426
25082.550011
25191.010745
25558.240600
25644.457982
25776.462534
25878.659015
25953.263319
26291.898192
26379.934655
26351.259491
26529.359262
26398.342279
26624.797714
26874.957828
27072.558957
27230.052577
27257.534262
27240.426177
27524.942123
27592.232271
27679.514776
27519.252762
27360.054830
27427.848167
27325.569484
27222.757677
27369.851165
27725.217431
27806.031069
27817.964809
27611.250883
27247.888339
27263.356667
27230.086873
27234.053117
27571.432814
27415.249409
27279.153605
26983.011611
26742.457109
26721.365626
26517.481659
26356.980125
26149.103667
26069.158288
26233.869001
26305.669669
26413.464617
26357.422758
26334.445738
26523.048941
26750.394533
27005.270885
27013.238714
27026.937562
26934.171076
27265.011542
27436.964886
27673.281348
27676.887869
27920.137593
28005.401302
28039.531237
27825.331145
27939.927333
27744.507437
27807.611477
27953.474040
28579.251319
28509.018165
28511.790786
28431.848305
28295.079419
28099.211723
28467.380549
28480.227207
28508.619769
28557.635839
28738.793263
28877.143796
28860.870920
28705.717570
28925.023848
29011.345205
28902.154415
28970.470224
29142.946713
29134.320946
29261.855879
29225.661124
29381.131009
29094.780341
29147.155049
28993.071807
28870.951550
28857.215737
29025.762793
29213.407987
29232.070921
29214.565414
29000.829300
28954.144698
28842.186483
28814.861472
28765.059575
28302.061498
27908.083914
27666.852267
27404.290046
27281.040249
27303.356864
27300.373335
27440.578197
27295.682621
27098.957313
26823.546703
26579.051720
26461.095213
26417.871825
26396.766469
26255.143832
25930.755268
25781.339073
25720.801531
25795.169297
25864.642205
26751.147350
28078.025276
29939.312248
31068.825067
31272.874010
31205.191093
30867.002127
30226.565746
29553.260988
28819.025390
28350.952552
27800.259826
27390.925266
27027.908415
26834.826719
26891.512834
26634.890134
26444.412294
26587.054424
26527.023272
26280.217206
26030.186738
26149.391127
26150.568629
26271.114707
26204.637403
30093.036906
29843.726237
29659.245807
29520.730576
29220.231302
28862.768757
28458.708750
28001.851744
27572.206216
27240.776297
26908.862972
26701.321784
26859.420401
26939.872910
26695.702794
26297.207851
25957.712164
25670.975575
25543.418954
25556.773496
25921.891684
26492.820629
26583.156068
26336.547285
26259.151293
26203.134905
26162.131101
26455.338271
26559.030181
26725.627692
26720.879640
26593.078796
26714.154268
26705.791652
26740.839325
26625.797358
26561.154549
26523.834077
26198.289432
26012.096529
25974.079938
26070.803392
25893.659301
25818.635159
25716.428891
25520.219211
25277.118055
24922.932740
24727.233162
24660.710720
24493.302635
24390.174758
24115.191510
24120.388797
24002.471318
23977.763439
23596.894875
23537.242288
23428.689977
23285.604498
23096.834077
22973.082569
22890.585304
22754.157999
22712.277550
22991.620535
23459.494411
23679.535376
24016.872333
24412.307148
24652.531006
24729.096613
25094.457468
25010.189497
24960.511394
24872.038766
24678.170161
24643.845967
24673.971315
24848.715887
24923.409504
24904.372362
24671.067470
24754.145469
24810.520548
24910.837658
25059.472246
25022.177065
25475.103506
25843.516958
25847.411698
25826.511702
25931.899842
26234.053870
26273.206078
26404.828127
26498.818093
26703.163463
26593.107251
26713.051888
26818.324784
26956.898741
27245.755765
27893.911114
28469.584185
28744.595172
29197.334041
29481.537927
29772.966913
29940.420528
30094.615188
30144.986390
30212.086090
30215.571981
29969.573774
29949.283321
30084.309351
30397.960550
30464.807621
30433.677044
30189.279466
30105.317453
30270.494718
30250.366060
30189.134032
30159.108703
30197.776797
30269.342859
30175.020814
29771.293303
29306.426677
28876.536716
28322.988311
27679.823210
27227.835971
26859.385349
26353.953336
26027.906650
25510.601513
25111.459673
24716.286689
24347.048825
24356.265012
24328.357643
24558.222114
24403.060028
24314.150164
24358.356381
24245.779739
24210.071144
24237.944057
24133.756658
24064.931570
24061.237933
23941.662311
23895.838019
24061.171608
24126.038518
24209.046396
24134.229370
23964.325745
23967.223183
23912.709083
24056.697158
23926.999555
23774.708401
23650.765138
23711.811195
23534.510831
23272.032348
23008.787594
22856.195273
22917.397274
23006.135253
22885.444177
22709.913144
22774.954742
22681.434456
22341.049008
21958.741655
21490.047710
21133.913952
20794.080999
20544.592636
20271.378690
20030.127403
19824.593582
19901.450177
19705.703158
19429.994471
19221.941806
19193.883932
19038.021108
19109.508288
19184.672089
19286.360053
19575.528325
19900.006811
19886.457450
22319.295362
22473.914908
22359.925045
22355.164087
22300.154902
22282.009902
22221.678034
22207.652956
22271.799720
22492.429342
22550.498071
22472.635912
22398.392352
22228.198225
22090.356941
22082.733212
22164.063218
22036.781625
21982.381760
22018.992084
22227.434636
22417.164865
22534.651720
22778.546585
22905.776118
22967.244175
22907.207457
23254.074535
23428.602181
23609.375993
23691.177782
23799.791442
23791.699909
23852.710992
23916.016619
23894.819709
23765.839508
23849.022043
23955.951333
23922.145923
23688.132744
23512.690813
23535.452351
23576.424831
23499.772217
23513.360077
23422.954818
23327.669822
23226.502018
23335.302407
23288.164737
23370.732971
23493.792401
23537.134154
23406.720583
23432.196319
23346.402189
23260.195805
23403.350721
23704.120440
23882.702653
24120.594971
24082.596595
24005.729511
23869.094015
23814.851079
23631.018329
23334.679178
23153.435415
23024.414624
22810.593893
22566.460277
22323.941185
21952.242165
21555.853586
21126.170710
20830.924920
20611.766909
20489.456995
20201.819440
19901.304938
19565.306358
19344.221432
19065.594674
18695.691411
18428.251939
18283.168754
18176.543649
18053.496859
18013.245545
17779.187190
17516.608222
17205.138596
16986.705195
16774.130720
16591.777125
16458.439249
16300.540816
16025.043187
15815.108675
15710.588535
15590.415971
15627.550074
15741.498061
15988.274138
16152.272196
16456.423292
16691.923696
17034.778492
17219.423881
17308.319354
17647.762209
17581.672138
17790.525786
18183.274007
18572.345600
18569.822438
18682.570532
18648.324358
18729.441474
18869.906655
19219.203479
19539.039383
19662.718787
19611.696573
19729.284293
19524.086745
19420.019663
19199.853974
18874.567158
18654.791741
18425.754115
18276.062487
18260.184853
18171.783454
17960.123693
17724.066528
17554.227907
17384.685139
17125.913627
16905.551279
16608.928617
16339.541010
16062.795332
15596.424193
15131.904944
14786.172442
14609.252055
14292.718864
14016.439784
13899.445245
14099.935728
14180.056589
14232.249838
14379.029503
14444.936851
14518.242950
14669.820998
14895.067203
15063.447177
15398.855210
15625.010489
15885.030552
15835.614319
15786.492427
15603.795256
15737.036866
16008.812474
16110.814987
16176.733061
16190.892487
16374.336098
16280.995763
16336.734211
16277.803382
16370.583801
16305.811474
16316.603253
16111.851522
16211.592279
16202.679332
16165.925758
16289.449078
16624.643290
16953.120930
17315.421746
17380.438894
17520.338518
17735.062768
17894.148846
17875.586501
18213.685608
18699.915053
18930.033026
19289.660786
19587.052257
19978.531016
20481.757407
20992.602870
21820.368805
23515.146443
23885.608729
24035.277312
24411.976191
24880.793068
25259.765179
25543.549469
25611.650427
25808.609082
25907.735491
26175.682050
26077.129320
26294.880697
26431.022937
26437.546300
26682.672906
26858.111810
26998.323866
26936.086105
27141.481799
27321.717513
27424.608108
27809.154173
28151.833720
28206.728308
28568.701697
28864.172494
29131.007007
29282.088029
29568.807157
29867.598172
29917.712381
29910.446369
30026.065227
30507.710986
31012.584260
31163.068772
31386.758471
31793.973489
32126.678736
32797.411466
33026.591873
33380.681887
33915.961518
34221.139913
34442.114290
34583.024262
34662.441676
34651.354886
34670.434201
34600.418373
34676.719023
34668.141895
34547.899507
34498.971198
34321.689305
34326.404839
34252.041460
34247.866838
34265.469575
34114.533351
34290.143938
34490.989682
34592.879414
34544.184463
35123.657593
35142.215890
35029.705095
35024.811997
35069.143946
35001.012239
34850.667510
34655.181193
34487.229976
34571.735144
34734.720936
34531.784889
34389.387802
34480.710568
34271.271118
34486.436974
34693.095518
34926.174075
34943.135960
35183.037985
35379.321380
35658.029821
36002.602840
36092.190345
36203.941612
36262.160217
36533.381618
36698.014498
36460.372597
36445.510830
36557.701955
36618.730583
36549.899936
36428.640233
36383.733712
36546.766634
36793.345949
37021.364926
36854.426092
36819.061650
36834.504646
36791.144120
36852.237894
37039.127960
37236.520582
37163.761219
37159.545707
37228.956657
37634.873530
38035.027893
37815.209832
37857.355222
37945.652167
37944.334265
37990.137159
38096.022458
38006.213492
38251.683210
38463.436304
38255.307626
38277.299108
38455.461603
38504.633621
38575.558803
38755.867137
38585.846329
38594.083425
39080.677293
39546.196369
39681.741453
39886.505360
39635.599700
39643.086382
39977.496769
40206.716048
40439.544951
40536.685351
40630.184417
40750.494804
41238.405358
41281.543913
41297.909855
41443.826127
41351.619134
41628.065628
41764.964308
41405.049426
41019.534209
41157.286911
41161.873546
41121.556339
41139.807934
41341.421459
41238.283719
41103.977376
41044.394194
41254.488209
41424.591250
41586.459727
41728.901446
41746.028923
41540.480418
41461.789730
41643.645342
41613.302290
41698.335215
41748.222376
41783.842630
41618.842655
41768.665228
41749.879026
41571.918408
41469.753860
41879.803422
41770.256388
41704.096510
41549.805410
41593.248473
41604.382127
41554.394394
41520.588399
41653.821724
41724.295344
41593.002146
41564.724587
41449.907966
41009.447862
40955.163704
40588.080028
40347.393674
40290.263206
40040.181418
39797.513524
39728.241769
39803.629681
41480.334471
41436.902061
41497.390292
41586.916856
41532.853366
41453.908737
41435.805457
41516.756360
41245.428346
41268.168694
41146.144573
41050.386364
40957.988614
40916.653889
40770.683940
40603.463468
40509.894217
40511.724996
40220.601491
39907.532201
39627.739905
39503.145066
39602.160362
39883.973912
39885.057570
39631.589005
39524.770339
39063.876920
38568.122290
38396.398528
38202.013896
37862.834770
37884.493031
37946.409556
37954.100843
37828.364428
38006.012874
37776.786740
37237.857207
36820.893758
36823.594168
36734.273283
36538.889031
36635.583795
36588.816370
36664.606924
36396.721676
36718.509122
36873.567979
36813.877816
36733.274121
36929.128062
37085.303031
36983.343762
36978.690300
36963.096961
36833.655838
36816.639713
36498.278316
36464.058518
36733.659513
36747.698106
36880.026926
36970.315776
37127.560772
37248.594498
37295.945165
37355.904770
37413.552668
37547.259349
37468.159126
37238.747248
36939.704004
36711.730568
36226.975412
36581.050171
36652.291780
36630.437976
36797.841567
37167.478900
37009.657897
36662.724021
36323.591742
36360.921959
36316.401351
36157.357754
36161.478102
36006.145373
35728.830261
35714.882866
35316.460291
35225.449041
34966.231491
34950.084622
34896.156862
34697.709803
34565.710587
34437.977999
34179.067335
34101.964948
33933.607877
33570.566699
33550.375619
33526.696054
33101.812232
33029.039267
32679.328480
32519.173821
32353.799444
32244.783981
32211.548704
32142.539896
31940.993293
32232.461276
32680.085271
32790.222184
32991.918918
32975.903364
33032.370941
32999.293570
32897.066147
33104.593231
33082.206707
33203.547352
33278.369985
33468.153446
33551.294793
33490.839858
33447.980218
33658.706697
33948.716460
34206.013971
34110.395625
34150.679765
34016.188914
34156.238292
34180.649907
34387.813490
34500.022815
34393.856969
34272.230787
34102.305522
34043.182403
33900.799753
33931.614668
34034.469228
34198.639885
34307.096126
34659.470731
34924.156018
34905.014884
34508.583748
34304.621227
34073.198009
33484.843991
33197.742968
33136.349937
33013.112832
33091.292485
33250.688645
33224.213036
33155.747482
33025.030696
32888.457593
32923.415105
32899.538468
32671.734093
32687.159153
32715.158059
32447.439371
32041.239952
31705.130895
31081.117488
30360.253770
29927.260690
29405.172165
29189.870419
29006.365134
28828.176289
28743.100808
28709.604591
28562.979263
28292.179320
27835.433099
27556.700660
27316.238176
27142.806659
26733.278091
26533.076931
26279.281908
26456.721734
26525.740550
26452.720189
26572.848885
26599.484872
26575.769452
26234.937842
26077.112519
26272.927481
28290.614441
28173.271954
27868.526003
27558.397742
27429.862169
27642.353374
27806.921980
28201.324901
28333.623361
28160.079448
27766.840182
27590.702094
27334.912087
27279.809620
27445.717179
27242.156810
27203.139165
27215.982207
27150.488979
26983.968452
27003.452382
27301.664077
27471.847540
27730.572810
27848.640248
27661.655294
27616.952921
27566.744491
27499.775894
27463.540040
27528.751274
27719.247043
27748.939593
27778.414182
27753.175826
27786.097427
27549.965105
27452.078614
27490.843311
27479.814871
27601.475108
27712.691548
27790.998147
28083.632554
28357.858769
28367.597203
28397.962441
28566.452554
28526.831887
28452.882450
28437.328523
28848.818960
28959.495659
29184.007151
29116.461695
29283.693512
29414.716680
29436.004375
29616.066902
29460.659635
29415.442339
29693.932968
30009.640241
30412.522935
30657.512474
30738.283909
31012.608929
31244.284365
31479.795637
31605.448993
31740.203994
31703.029088
31687.281556
31918.062576
32131.147682
32520.402063
32493.472156
32648.610313
32630.242542
32724.969631
32578.630953
32671.609209
32733.013063
32906.491821
33004.516250
33062.502202
33522.584935
33907.063532
34102.220159
34224.230720
33983.630948
33769.335675
33407.096343
33320.067016
33039.769547
32890.165384
32775.190448
32774.462298
32557.111732
32493.350263
32575.180789
32609.053122
32572.623996
32425.063384
32175.261195
32126.168724
32271.413229
32277.630803
32301.627694
32346.048270
32247.439974
32472.028760
32701.666537
32763.022426
32866.679148
33226.768720
33234.438127
33272.018182
32947.805508
33103.685821
32996.776039
33093.525473
33203.370768
33360.186543
33355.236039
33298.905610
33195.513271
32999.317999
32799.026609
32522.114494
32162.483279
31791.268919
31524.199591
31395.064121
31180.287386
31143.120075
31067.520934
30828.788025
30534.372153
30342.202565
29964.915966
29597.599580
29596.511758
29491.964601
29326.280096
29046.299425
28781.325630
28504.890721
28142.940303
27911.479562
27591.446761
27509.141089
27363.405603
27367.172578
27114.402184
27017.936977
26818.804834
26651.374396
26623.480186
26535.325785
26548.139888
26414.450541
26312.908406
26183.655142
26047.876307
25821.533472
25746.860720
25727.588272
25677.306898
25580.221945
25424.301044
25397.685992
25333.040908
25145.604549
25036.069419
24942.399282
24874.498925
24692.926920
24399.955084
24071.722036
23808.822208
23641.981098
23413.019298
23404.023235
23423.818152
23337.713519
23430.620000
23622.563509
23889.705922
23910.632391
23917.406654
23787.752007
23780.936956
23757.858735
23552.099132
23313.415744
23132.337114
22893.061435
22787.714245
22580.505003
23811.209165
23697.515373
23461.906271
23151.814879
22759.008449
22590.693321
22365.684145
22162.552879
22071.848764
21644.973973
21310.407628
20997.965678
20816.432100
20578.932063
20545.848205
20382.649913
20323.882123
20235.209585
20135.398126
20117.212533
19947.959750
19751.189213
19467.394458
19238.350226
19029.436636
18999.125588
18920.483034
18744.937314
18805.129664
18661.033965
18572.166581
18239.840605
17858.001516
17406.297518
17140.814015
16786.985079
16582.443668
16291.772465
16062.321097
15848.957983
15619.549299
15353.128697
15105.342851
14860.652179
14597.952903
14359.494474
14102.221711
13844.796900
13790.870780
13722.860575
13575.446958
13534.925590
13553.253820
13622.418580
13643.152553
13677.434141
13806.331062
13688.614509
13595.085744
13587.688320
13529.849002
13509.838904
13568.778332
13673.782552
13787.697346
13926.798754
14210.803914
14344.969601
14587.219160
14825.956241
15012.999605
15255.910409
15354.158026
15596.383458
15873.991736
15863.986267
15936.053620
16152.913685
16291.679765
16425.291855
16548.180204
16551.508448
16454.423222
16442.058924
16382.971664
16601.991708
16787.715652
16879.725948
17152.480827
17190.119531
17297.903750
17372.510523
17598.626174
17738.255649
18024.115416
18276.058665
18344.475339
18363.690788
18524.098406
18554.564074
18946.980968
19441.094665
19514.137971
19509.623229
19754.091087
19977.657121
20050.652696
20296.096532
20494.425039
20769.343003
20768.224872
20988.139119
21107.390986
20945.433202
20872.828208
20825.402484
20936.818634
21053.777703
21039.104504
21079.721828
21072.672991
20943.921695
20854.631492
20981.233251
20970.316686
21006.906734
20833.090809
20920.459798
21258.934848
21524.909674
21330.123014
21455.593334
21377.390138
21374.010827
21251.353423
21513.683791
21461.587837
21518.931974
21700.181454
21770.846891
21578.571213
21393.932848
21286.149932
21262.650278
21209.368745
21408.547366
21352.010194
21442.021449
21418.430180
21322.959652
21459.886179
21366.856576
21552.223551
21665.714334
21599.467833
21650.066991
21712.210700
21820.506047
21808.743490
21737.518080
21630.085313
21697.286930
21417.034348
21364.621847
21533.618205
21632.674550
21737.542783
21572.669566
21360.000793
21203.875263
21092.861892
21010.261935
20876.988054
21076.993553
21255.034072
21415.792172
21807.924132
22039.284788
21986.265647
21693.030796
21539.045923
21583.074019
21532.712475
21374.457243
21155.248106
21065.603348
21119.538867
21015.397218
21166.305788
20980.370891
20875.426856
20977.730023
21467.914110
21459.781150
21424.239151
21298.819351
21532.670540
21684.166425
21543.860064
21307.953335
22808.285080
23009.662983
22912.822971
22737.060254
22623.062143
22398.846291
22225.511820
22387.161719
22262.548731
22060.574236
21970.369053
21881.670208
21876.865129
21656.661089
21375.698622
21411.976436
21418.205066
21473.526185
21687.861640
21909.515617
21832.961405
21825.203531
21738.668844
21701.464814
21760.183730
21822.978465
21946.245228
21881.434928
21750.178867
21713.877767
21613.383879
21369.934293
21124.892480
20816.287072
20710.923699
20415.169671
20182.426873
19848.019255
19623.673194
19454.626789
19226.911136
19171.134207
19173.918673
18971.724700
18986.307093
18992.105463
18834.559014
18676.689887
18679.737745
18363.731250
18221.403511
18035.811767
17821.009414
17597.264826
17230.758447
17036.444054
16798.304204
16730.032131
16547.848172
16784.577332
16867.277877
16705.349277
16513.077892
16432.173017
16440.987895
16448.950265
16489.012556
16478.824673
16488.467753
16752.918876
16949.147442
17205.631246
17344.435958
17669.374945
17751.717962
18014.700691
17876.781343
17957.063845
17819.093005
17706.408943
